0.002046    20960.437175 
0.023420    28570.006554 
0.023420    99680.220352 
0.023420    118713.252072 
0.023420    122137.327039 
0.023420    120145.030124 
0.023420    116224.608154 
0.023420    111864.089328 
0.023420    107462.581359 
0.023420    103175.856390 
0.023420    99123.574666 
0.023420    95276.001635 
0.034918    92184.113142 
0.034918    89207.982557 
0.042866    86644.396503 
0.042866    84161.058895 
0.042866    81771.693544 
0.042866    79489.549324 
0.050176    77440.517658 
0.050176    75474.500891 
0.050176    73591.769737 
0.050176    71790.121760 
0.058051    70147.752218 
0.058051    68572.124911 
0.058051    67062.514739 
0.058051    65610.164203 
0.066112    64267.269583 
0.066112    62967.355529 
0.066112    61712.761935 
0.066112    60503.450071 
0.074163    59374.131706 
0.074163    58284.012947 
0.074163    57231.961992 
0.074163    56216.808937 
0.081251    55256.836593 
0.081251    54327.271907 
0.081251    53428.571673 
0.081251    52558.752836 
0.088527    51731.450243 
0.088527    50930.098519 
0.088527    50153.064362 
0.088527    49399.966450 
0.096243    48681.156032 
0.096243    47981.565567 
0.096243    47301.958670 
0.096243    46641.569688 
0.103692    46008.107803 
0.103692    45391.092769 
0.103692    44790.989362 
0.103692    44207.224901 
0.112254    43647.226317 
0.112254    43101.509483 
0.112254    42569.492556 
0.112254    42050.589705 
0.120319    41551.119298 
0.120319    41063.401557 
0.120319    40586.828508 
0.120319    40121.227168 
0.128033    39671.218322 
0.128033    39231.208498 
0.128033    38800.905861 
0.128033    38380.392832 
0.135548    37973.043153 
0.135548    37573.993301 
0.135548    37183.414006 
0.135548    36801.300076 
0.143141    36430.488592 
0.143141    36067.179043 
0.143141    35711.313455 
0.143141    35362.514969 
0.150900    35023.428415 
0.150900    34691.016751 
0.150900    34365.092566 
0.150900    34045.319074 
0.158463    33734.031659 
0.158463    33428.544042 
0.158463    33128.571995 
0.158463    32834.218891 
0.166158    32547.323051 
0.166158    32265.442197 
0.166158    31988.470584 
0.166158    31716.400620 
0.173575    31450.778928 
0.173575    31189.683927 
0.173575    30932.903373 
0.173575    30680.521392 
0.181071    30433.944000 
0.181071    30191.347061 
0.181071    29952.785888 
0.181071    29718.053533 
0.188710    29488.520737 
0.188710    29262.681257 
0.188710    29040.401194 
0.188710    28821.543279 
0.196340    28607.312960 
0.196340    28396.396088 
0.196340    28188.626589 
0.196340    27983.958024 
0.203538    27783.440365 
0.203538    27585.889959 
0.203538    27391.195528 
0.203538    27199.379037 
0.210620    27011.203927 
0.210620    26825.706639 
0.218589    26643.724539 
0.218589    26464.246921 
0.226374    26288.108804 
0.226374    26114.377349 
0.234898    25943.973841 
0.234898    25775.798186 
0.243060    25610.732319 
0.243060    25447.754010 
0.251066    25287.742962 
0.251066    25129.801249 
0.258673    24974.617917 
0.258673    24821.343106 
0.266239    24670.690728 
0.266239    24521.900415 
0.273770    24375.605448 
0.273770    24231.082847 
0.281235    24088.900601 
0.281235    23948.346150 
0.281235    23809.482896 
0.289229    23672.894979 
0.289229    23537.887507 
0.297105    23405.056861 
0.297105    23273.745897 
0.304450    23144.411509 
0.304450    23016.541909 
0.312117    22890.614748 
0.312117    22766.067668 
0.320320    22643.420409 
0.320320    22522.092165 
0.327583    22402.507248 
0.327583    22284.174402 
0.335175    22167.608365 
0.335175    22052.253733 
0.342482    21938.576960 
0.342482    21826.050322 
0.350635    21715.159105 
0.350635    21605.355256 
0.359048    21497.120808 
0.359048    21389.937958 
0.359048    21283.817549 
0.366599    21179.166943 
0.366599    21075.535567 
0.374190    20973.308374 
0.374190    20872.020843 
0.382549    20772.128605 
0.382549    20673.203203 
0.390672    20575.627909 
0.390672    20478.978669 
0.397949    20383.557578 
0.397949    20289.034264 
0.405177    20195.711895 
0.405177    20103.258371 
0.412881    20012.000838 
0.412881    19921.549479 
0.420310    19832.217461 
0.420310    19743.665184 
0.427861    19656.231201 
0.427861    19569.571298 
0.435581    19483.977998 
0.435581    19399.130044 
0.435581    19315.017045 
0.442959    19231.910745 
0.442959    19149.527819 
0.450681    19068.100711 
0.450681    18987.346329 
0.458767    18907.547363 
0.458767    18828.402829 
0.466661    18750.195508 
0.466661    18672.623261 
0.474662    18595.960398 
0.474662    18519.921816 
0.482500    18444.761779 
0.482500    18370.176421 
0.490360    18296.420239 
0.490360    18223.241609 
0.497580    18150.855990 
0.497580    18079.038279 
0.505436    18007.999733 
0.505436    17937.469925 
0.513870    17867.736962 
0.513870    17798.530224 
0.513870    17729.829652 
0.521554    17661.851933 
0.521554    17594.382445 
0.528731    17527.615136 
0.528731    17461.348914 
0.536553    17395.785589 
0.536553    17330.710100 
0.544320    17266.313123 
0.544320    17202.377331 
0.551742    17139.076993 
0.551742    17076.234532 
0.559593    17014.030593 
0.559593    16952.264250 
0.567649    16891.110022 
0.567649    16830.382544 
0.575074    16770.248486 
0.575074    16710.534953 
0.582517    16651.398200 
0.582517    16592.666254 
0.590450    16534.525025 
0.590450    16476.774022 
0.590450    16419.410885 
0.598140    16362.606896 
0.598140    16306.174269 
0.605740    16250.267483 
0.605740    16194.731339 
0.613805    16139.737159 
0.613805    16085.088855 
0.621044    16030.944829 
0.621044    15977.143262 
0.628720    15923.847233 
0.628720    15870.898881 
0.636706    15818.439285 
0.636706    15766.307566 
0.644657    15714.656908 
0.644657    15663.332940 
0.652172    15612.465953 
0.652172    15561.923297 
0.660038    15511.842583 
0.660038    15462.076703 
0.667755    15412.741727 
0.667755    15363.692302 
0.667755    15314.940774 
0.675960    15266.618459 
0.675960    15218.585930 
0.683325    15170.958870 
0.683325    15123.625189 
0.690808    15076.696893 
0.690808    15030.048859 
0.698824    14983.792130 
0.698824    14937.808511 
0.706106    14892.199964 
0.706106    14846.856884 
0.713989    14801.897928 
0.713989    14757.199943 
0.721405    14712.865520 
0.721405    14668.788782 
0.728699    14625.060419 
0.728699    14581.576080 
0.736283    14538.448030 
0.736283    14495.568990 
0.744229    14453.039836 
0.744229    14410.751372 
0.744229    14368.702119 
0.751734    14326.991438 
0.751734    14285.512342 
0.759067    14244.358088 
0.759067    14203.436878 
0.767023    14162.836438 
0.767023    14122.447653 
0.774859    14082.377579 
0.774859    14042.523836 
0.781943    14002.976777 
0.781943    13963.643116 
0.789458    13924.611843 
0.789458    13885.789392 
0.797346    13847.260706 
0.797346    13808.937481 
0.804618    13770.902434 
0.804618    13733.067408 
0.812359    13695.512275 
0.812359    13658.147117 
0.819987    13621.064622 
0.819987    13584.179214 
0.819987    13547.485433 
0.828106    13511.071253 
0.828106    13474.844161 
0.835985    13438.889961 
0.835985    13403.111189 
0.843902    13367.590553 
0.843902    13332.251123 
0.851481    13297.162434 
0.851481    13262.252052 
0.858738    13227.585311 
0.858738    13193.097565 
0.866761    13158.857532 
0.866761    13124.783772 
0.874174    13090.948195 
0.874174    13057.273396 
0.882437    13023.840416 
0.882437    12990.563876 
0.889632    12957.509990 
0.889632    12924.614015 
0.897008    12891.937451 
0.897008    12859.421833 
0.897008    12827.059431 
0.904497    12794.916784 
0.904497    12762.922566 
0.912484    12731.142924 
0.912484    12699.511960 
0.920025    12668.091406 
0.920025    12636.818379 
0.927523    12605.753918 
0.927523    12574.834980 
0.935113    12544.122409 
0.935113    12513.551626 
0.942627    12483.180893 
0.942627    12452.952181 
0.950650    12422.923989 
0.950650    12393.034092 
0.958922    12363.344128 
0.958922    12333.788581 
0.966134    12304.422877 
0.966134    12275.187000 
0.973688    12246.139844 
0.973688    12217.220521 
0.973688    12188.428029 
0.981303    12159.821682 
0.981303    12131.341673 
0.988745    12103.039640 
0.988745    12074.863777 
0.996214    12046.861418 
0.996214    12018.982326 
1.004560    11991.281169 
1.004560    11963.699080 
1.011900    11936.288112 
1.011900    11908.997269 
1.019910    11881.879391 
1.019910    11854.877619 
1.027560    11828.044967 
1.027560    11801.326463 
1.035580    11774.774726 
1.035580    11748.339774 
1.043260    11722.066891 
1.043260    11695.904993 
1.051530    11669.905772 
1.051530    11644.018325 
1.051530    11618.241957 
1.059430    11592.619043 
1.059430    11567.103748 
1.066610    11541.737281 
1.066610    11516.476457 
1.074330    11491.367472 
1.074330    11466.360640 
1.081540    11441.500737 
1.081540    11416.744368 
1.089460    11392.137419 
1.089460    11367.631231 
1.097150    11343.267576 
1.097150    11318.998531 
1.105350    11294.868414 
1.105350    11270.836342 
1.113370    11246.941851 
1.113370    11223.141516 
1.121450    11199.480861 
1.121450    11175.915115 
1.129110    11152.479385 
1.129110    11129.138339 
1.129110    11105.891625 
1.136550    11082.776885 
1.136550    11059.754657 
1.144250    11036.860711 
1.144250    11014.057233 
1.151950    10991.382114 
1.151950    10968.798349 
1.160450    10946.342162 
1.160450    10923.971744 
1.168110    10901.723438 
1.168110    10879.561403 
1.175360    10857.519399 
1.175360    10835.563147 
1.182680    10813.724702 
1.182680    10791.964980 
1.190000    10770.322244 
1.190000    10748.761512 
1.198010    10727.315894 
1.198010    10705.948726 
1.205230    10684.696040 
1.205230    10663.523581 
1.205230    10642.431823 
1.212860    10621.453500 
1.212860    10600.554560 
1.220010    10579.765774 
1.220010    10559.054898 
1.227310    10538.452818 
1.227310    10517.925847 
1.235160    10497.507088 
1.235160    10477.162505 
1.243010    10456.924694 
1.243010    10436.762866 
1.250840    10416.705264 
1.250840    10396.718887 
1.257960    10376.831986 
1.257960    10357.018356 
1.265270    10337.304937 
1.265270    10317.663548 
1.272910    10298.123137 
1.272910    10278.653289 
1.280270    10259.282236 
1.280270    10239.981785 
1.280270    10220.749075 
1.287680    10201.612666 
1.287680    10182.544850 
1.295230    10163.570250 
1.295230    10144.661506 
1.302300    10125.844528 
1.302300    10107.094166 
1.310680    10088.440853 
1.310680    10069.852158 
1.318480    10051.355922 
1.318480    10032.924204 
1.326420    10014.584574 
1.326420    9996.308757 
1.334120    9978.120132 
1.334120    9959.994805 
1.341540    9941.956472 
1.341540    9923.979355 
1.349180    9906.087872 
1.349180    9888.258144 
1.356670    9870.512351 
1.356670    9852.826753 
1.356670    9835.200965 
1.364020    9817.658269 
1.364020    9800.174662 
1.371430    9782.774751 
1.371430    9765.434008 
1.379670    9748.178430 
1.379670    9730.979805 
1.387800    9713.862336 
1.387800    9696.803202 
1.395420    9679.823309 
1.395420    9662.900468 
1.403270    9646.057423 
1.403270    9629.270309 
1.410650    9612.559237 
1.410650    9595.903446 
1.418830    9579.327653 
1.418830    9562.805141 
1.427600    9546.361680 
1.427600    9529.971042 
1.435030    9513.654509 
1.435030    9497.391099 
1.435030    9481.180448 
1.442690    9465.043260 
1.442690    9448.958518 
1.450880    9432.949169 
1.450880    9416.991727 
1.458980    9401.108014 
1.458980    9385.275010 
1.466590    9369.513516 
1.466590    9353.803046 
1.474190    9338.161488 
1.474190    9322.569794 
1.481530    9307.047262 
1.481530    9291.574669 
1.489020    9276.171340 
1.489020    9260.816949 
1.496300    9245.530374 
1.496300    9230.290805 
1.503910    9215.118704 
1.503910    9199.994611 
1.511670    9184.936056 
1.511670    9169.923925 
1.511670    9154.959191 
1.519880    9140.058885 
1.519880    9125.203551 
1.527280    9110.412139 
1.527280    9095.666101 
1.535110    9080.983957 
1.535110    9066.347036 
1.542810    9051.773170 
1.542810    9037.242033 
1.551220    9022.775842 
1.551220    9008.353699 
1.558880    8993.991036 
1.558880    8979.671456 
1.566760    8965.413784 
1.566760    8951.199710 
1.574200    8937.044822 
1.574200    8922.932434 
1.582140    8908.879677 
1.582140    8894.869773 
1.589780    8880.918598 
1.589780    8867.008515 
1.589780    8853.138465 
1.596930    8839.323779 
1.596930    8825.550725 
1.604720    8811.834660 
1.604720    8798.158911 
1.612480    8784.538587 
1.612480    8770.957912 
1.619820    8757.432615 
1.619820    8743.946722 
1.627870    8730.516913 
1.627870    8717.125391 
1.636020    8703.789497 
1.636020    8690.492012 
1.643660    8677.247546 
1.643660    8664.041183 
1.650850    8650.885770 
1.650850    8637.768053 
1.659220    8624.704088 
1.659220    8611.676563 
1.666780    8598.700592 
1.666780    8585.760859 
1.666780    8572.857225 
1.674900    8560.006085 
1.674900    8547.191673 
1.682200    8534.427943 
1.682200    8521.700864 
1.689600    8509.024145 
1.689600    8496.383516 
1.697430    8483.793317 
1.697430    8471.238668 
1.705410    8458.732795 
1.705410    8446.262787 
1.712980    8433.840676 
1.712980    8421.452636 
1.720580    8409.113477 
1.720580    8396.809396 
1.728390    8384.553181 
1.728390    8372.330685 
1.735680    8360.153471 
1.735680    8348.010497 
1.742950    8335.912928 
1.742950    8323.848856 
1.742950    8311.818357 
1.750310    8299.833899 
1.750310    8287.881755 
1.758570    8275.977059 
1.758570    8264.104946 
1.767200    8252.278955 
1.767200    8240.485135 
1.775010    8228.735739 
1.775010    8217.018156 
1.783010    8205.345554 
1.783010    8193.705144 
1.790880    8182.108737 
1.790880    8170.543879 
1.798880    8159.022239 
1.798880    8147.531891 
1.806120    8136.084052 
1.806120    8124.666640 
1.813660    8113.291404 
1.813660    8101.946852 
1.821290    8090.644860 
1.821290    8079.372311 
1.821290    8068.129873 
1.829670    8056.929133 
1.829670    8045.757713 
1.837350    8034.627170 
1.837350    8023.526363 
1.845480    8012.466892 
1.845480    8001.436110 
1.853270    7990.445944 
1.853270    7979.484432 
1.860840    7968.562124 
1.860840    7957.667701 
1.868520    7946.811579 
1.868520    7935.983747 
1.876440    7925.195410 
1.876440    7914.434683 
1.883950    7903.712341 
1.883950    7893.017669 
1.892250    7882.361996 
1.892250    7871.733592 
1.900340    7861.143500 
1.900340    7850.580149 
1.900340    7840.043918 
1.907830    7829.544505 
1.907830    7819.072227 
1.915170    7808.635872 
1.915170    7798.226036 
1.922920    7787.851837 
1.922920    7777.503649 
1.930460    7767.191068 
1.930460    7756.904563 
1.937990    7746.653593 
1.937990    7736.428364 
1.945330    7726.238636 
1.945330    7716.074006 
1.953040    7705.944958 
1.953040    7695.841247 
1.960710    7685.772680 
1.960710    7675.729415 
1.967920    7665.720252 
1.967920    7655.735379 
1.975990    7645.785010 
1.975990    7635.858931 
1.975990    7625.957250 
1.984510    7616.090819 
1.984510    7606.248267 
1.992090    7596.438288 
1.992090    7586.652321 
1.999870    7576.899212 
1.999870    7567.169309 
2.007140    7557.471296 
2.007140    7547.796695 
2.014790    7538.154160 
2.014790    7528.535302 
2.022320    7518.948182 
2.022320    7509.384586 
2.029980    7499.852905 
2.029980    7490.344742 
2.038090    7480.867937 
2.038090    7471.413806 
2.045670    7461.991519 
2.045670    7452.591914 
2.053130    7443.223559 
2.053130    7433.877208 
2.053130    7424.553511 
2.060820    7415.260936 
2.060820    7405.990473 
2.068970    7396.750599 
2.068970    7387.532454 
2.077210    7378.345228 
2.077210    7369.179228 
2.084490    7360.043123 
2.084490    7350.927901 
2.091720    7341.841033 
2.091720    7332.775021 
2.099340    7323.738376 
2.099340    7314.723116 
2.106630    7305.737090 
2.106630    7296.775027 
2.114300    7287.844438 
2.114300    7278.936960 
2.121460    7270.060111 
2.121460    7261.206597 
2.129890    7252.385140 
2.129890    7243.586544 
2.129890    7234.811152 
2.138010    7226.067347 
2.138010    7217.346655 
2.145540    7208.656524 
2.145540    7199.989178 
2.153560    7191.352685 
2.153560    7182.738344 
2.161030    7174.153876 
2.161030    7165.591113 
2.168960    7157.058508 
2.168960    7148.548099 
2.176010    7140.066006 
2.176010    7131.605471 
2.183800    7123.174495 
2.183800    7114.764897 
2.191810    7106.384911 
2.191810    7098.026302 
2.199500    7089.696387 
2.199500    7081.387742 
2.207770    7073.107741 
2.207770    7064.848718 
2.207770    7056.610543 
2.215440    7048.400423 
2.215440    7040.210894 
2.223850    7032.050126 
2.223850    7023.909854 
2.232060    7015.797587 
2.232060    7007.705631 
2.240010    6999.641636 
2.240010    6991.597736 
2.248310    6983.581400 
2.248310    6975.584900 
2.255600    6967.615159 
2.255600    6959.664888 
2.263670    6951.741589 
2.263670    6943.837786 
2.271380    6935.960738 
2.271380    6928.102872 
2.279690    6920.271936 
2.279690    6912.460206 
2.288040    6904.675346 
2.288040    6896.909433 
2.288040    6889.162331 
2.296010    6881.441042 
2.296010    6873.737992 
2.303950    6866.060951 
2.303950    6858.402488 
2.311740    6850.769341 
2.311740    6843.154480 
2.319400    6835.564682 
2.319400    6827.992599 
2.327110    6820.445394 
2.327110    6812.915607 
2.334670    6805.410266 
2.334670    6797.922297 
2.342520    6790.458830 
2.342520    6783.012415 
2.350340    6775.590712 
2.350340    6768.186366 
2.357840    6760.805442 
2.357840    6753.441741 
2.365650    6746.102144 
2.365650    6738.779264 
2.365650    6731.473288 
2.373300    6724.190392 
2.373300    6716.924173 
2.380970    6709.681617 
2.380970    6702.455553 
2.388800    6695.252508 
2.388800    6688.065626 
2.396290    6680.901844 
2.396290    6673.754020 
2.404430    6666.629760 
2.404430    6659.521636 
2.411970    6652.436344 
2.411970    6645.366820 
2.420080    6638.320140 
2.420080    6631.289184 
2.428250    6624.281127 
2.428250    6617.288798 
2.435560    6610.318204 
2.435560    6603.363068 
2.443490    6596.430009 
2.443490    6589.512580 
2.443490    6582.610591 
2.451340    6575.730638 
2.451340    6568.866108 
2.458990    6562.023175 
2.458990    6555.195221 
2.467080    6548.389175 
2.467080    6541.597793 
2.474850    6534.827719 
2.474850    6528.072574 
2.482730    6521.338482 
2.482730    6514.618595 
2.490810    6507.919675 
2.490810    6501.235237 
2.498260    6494.571597 
2.498260    6487.922439 
2.505880    6481.294112 
2.505880    6474.680281 
2.513280    6468.086223 
2.513280    6461.506314 
2.521200    6454.947031 
2.521200    6448.401978 
2.521200    6441.871103 
2.528390    6435.360122 
2.528390    6428.862847 
2.536310    6422.385944 
2.536310    6415.922806 
2.543800    6409.479417 
2.543800    6403.049693 
2.550990    6396.639324 
2.550990    6390.242390 
2.558450    6383.864896 
2.558450    6377.500679 
2.566260    6371.155783 
2.566260    6364.823982 
2.573780    6358.510997 
2.573780    6352.211262 
2.581150    6345.930140 
2.581150    6339.661951 
2.588540    6333.412660 
2.588540    6327.176032 
2.596590    6320.958593 
2.596590    6314.754113 
2.596590    6308.562314 
2.604260    6302.389050 
2.604260    6296.228417 
2.611960    6290.086270 
2.611960    6283.956819 
2.619680    6277.845482 
2.619680    6271.746573 
2.626990    6265.665258 
2.626990    6259.596130 
2.635020    6253.545273 
2.635020    6247.506797 
2.642260    6241.485820 
2.642260    6235.477074 
2.649760    6229.485783 
2.649760    6223.506568 
2.656850    6217.544607 
2.656850    6211.594375 
2.664540    6205.661460 
2.664540    6199.740078 
2.672220    6193.836284 
2.672220    6187.944249 
2.672220    6182.064041 
2.680750    6176.201642 
2.680750    6170.350988 
2.689200    6164.518136 
2.689200    6158.696904 
2.696830    6152.892517 
2.696830    6147.099316 
2.704950    6141.323228 
2.704950    6135.557933 
2.713030    6129.809706 
2.713030    6124.072727 
2.720410    6118.352271 
2.720410    6112.642884 
2.728060    6106.949947 
2.728060    6101.267750 
2.736470    6095.602578 
2.736470    6089.948166 
2.743890    6084.309971 
2.743890    6078.682701 
2.751290    6073.071572 
2.751290    6067.471278 
2.751290    6061.881527 
2.758530    6056.307315 
2.758530    6050.743801 
2.766000    6045.196279 
2.766000    6039.659170 
2.773840    6034.136288 
2.773840    6028.621706 
2.781440    6023.121112 
2.781440    6017.629121 
2.788870    6012.150455 
2.788870    6006.679462 
2.796000    6001.221255 
2.796000    5995.771172 
2.803990    5990.334634 
2.803990    5984.906604 
2.811990    5979.492595 
2.811990    5974.086667 
2.819890    5968.693960 
2.819890    5963.309238 
2.827520    5957.937977 
2.827520    5952.574937 
2.827520    5947.220316 
2.835070    5941.878835 
2.835070    5936.545023 
2.842540    5931.224216 
2.842540    5925.911450 
2.850260    5920.611157 
2.850260    5915.319022 
2.859000    5910.040384 
2.859000    5904.769663 
2.866530    5899.511738 
2.866530    5894.262042 
2.874300    5889.025017 
2.874300    5883.795711 
2.882560    5878.579102 
2.882560    5873.370343 
2.890870    5868.174614 
2.890870    5862.986903 
2.898110    5857.811426 
2.898110    5852.643670 
2.905760    5847.488494 
2.905760    5842.340800 
2.905760    5837.200894 
2.913220    5832.073310 
2.913220    5826.953152 
2.920560    5821.844964 
2.920560    5816.744491 
2.928050    5811.655843 
2.928050    5806.574809 
2.935300    5801.505634 
2.935300    5796.443856 
2.942870    5791.394062 
2.942870    5786.351597 
2.950220    5781.320705 
2.950220    5776.297077 
2.958200    5771.285619 
2.958200    5766.281407 
2.965870    5761.288907 
2.965870    5756.304005 
2.973820    5751.330908 
2.973820    5746.365144 
2.981470    5741.410735 
2.981470    5736.463698 
2.981470    5731.523857 
2.988710    5726.595217 
2.988710    5721.673977 
2.996600    5716.764197 
2.996600    5711.861365 
3.004770    5706.970229 
3.004770    5702.086171 
3.012790    5697.213443 
3.012790    5692.347944 
3.020200    5687.493438 
3.020200    5682.646169 
3.027870    5677.809966 
3.027870    5672.981030 
3.035340    5668.163059 
3.035340    5663.352374 
3.042780    5658.552499 
3.042780    5653.759317 
3.050370    5648.977017 
3.050370    5644.201878 
3.057740    5639.437519 
3.057740    5634.680088 
3.057740    5629.929314 
3.065060    5625.188977 
3.065060    5620.455607 
3.073070    5615.733169 
3.073070    5611.017562 
3.080640    5606.312532 
3.080640    5601.614311 
3.088170    5596.926706 
3.088170    5592.245603 
3.096370    5587.575133 
3.096370    5582.911296 
3.104410    5578.254004 
3.104410    5573.604806 
3.112190    5568.964378 
3.112190    5564.329231 
3.119780    5559.707049 
3.119780    5555.094179 
3.127030    5550.491542 
3.127030    5545.895424 
3.134920    5541.309498 
3.134920    5536.729929 
3.134920    5532.156769 
3.142530    5527.593980 
3.142530    5523.037860 
3.150200    5518.491769 
3.150200    5513.951930 
3.157700    5509.421950 
3.157700    5504.898467 
3.165320    5500.384940 
3.165320    5495.877801 
3.173660    5491.380871 
3.173660    5486.890090 
3.181190    5482.408961 
3.181190    5477.933911 
3.188970    5473.468449 
3.188970    5469.009374 
3.196880    5464.559965 
3.196880    5460.116876 
3.204950    5455.683735 
3.204950    5451.256827 
3.212460    5446.839450 
3.212460    5442.428144 
3.212460    5438.022968 
3.220560    5433.627485 
3.220560    5429.238266 
3.228310    5424.858618 
3.228310    5420.485153 
3.236110    5416.121195 
3.236110    5411.763300 
3.243850    5407.414870 
3.243850    5403.072523 
3.251640    5398.739433 
3.251640    5394.412484 
3.258910    5390.094734 
3.258910    5385.782822 
3.266430    5381.479925 
3.266430    5377.183033 
3.273710    5372.895144 
3.273710    5368.613381 
3.281690    5364.340831 
3.281690    5360.074226 
3.289810    5355.816624 
3.289810    5351.564755 
3.289810    5347.318738 
3.297100    5343.081101 
3.297100    5338.849222 
3.305000    5334.626524 
3.305000    5330.409554 
3.312470    5326.201509 
3.312470    5321.999373 
3.320080    5317.806114 
3.320080    5313.618635 
3.327680    5309.440112 
3.327680    5305.267438 
3.335750    5301.103805 
3.335750    5296.945648 
3.343340    5292.796215 
3.343340    5288.652484 
3.350530    5284.517374 
3.350530    5280.387899 
3.358560    5276.266988 
3.358560    5272.151784 
3.366320    5268.044862 
3.366320    5263.943699 
3.366320    5259.848160 
3.374270    5255.761206 
3.374270    5251.679643 
3.382080    5247.606489 
3.382080    5243.538810 
3.389700    5239.479668 
3.389700    5235.425985 
3.397380    5231.380265 
3.397380    5227.340233 
3.405180    5223.308724 
3.405180    5219.282675 
3.412740    5215.264796 
3.412740    5211.252157 
3.420040    5207.247450 
3.420040    5203.248114 
3.427550    5199.256931 
3.427550    5195.271276 
3.435030    5191.293850 
3.435030    5187.321553 
3.442740    5183.357305 
3.442740    5179.398325 
3.442740    5175.444521 
3.450220    5171.498523 
3.450220    5167.557746 
3.457580    5163.624783 
3.457580    5159.696816 
3.465700    5155.776869 
3.465700    5151.862073 
3.473270    5147.955023 
3.473270    5144.053334 
3.480720    5140.159437 
3.480720    5136.270826 
3.488030    5132.389823 
3.488030    5128.513837 
3.495270    5124.645230 
3.495270    5120.781723 
3.502730    5116.925971 
3.502730    5113.075209 
3.510000    5109.231905 
3.510000    5105.393735 
3.517990    5101.563238 
3.517990    5097.737903 
3.517990    5093.917680 
3.525410    5090.104977 
3.525410    5086.297080 
3.532780    5082.496458 
3.532780    5078.700812 
3.540800    5074.912708 
3.540800    5071.129622 
3.548580    5067.354081 
3.548580    5063.583455 
3.555900    5059.820062 
3.555900    5056.061760 
3.564370    5052.310868 
3.564370    5048.564846 
3.572460    5044.826346 
3.572460    5041.092703 
3.580020    5037.366327 
3.580020    5033.644812 
3.587730    5029.930579 
3.587730    5026.221121 
3.595420    5022.518819 
3.595420    5018.821423 
3.595420    5015.128860 
3.602970    5011.443396 
3.602970    5007.762797 
3.610570    5004.089474 
3.610570    5000.420858 
3.618960    4996.759581 
3.618960    4993.103001 
3.626150    4989.453253 
3.626150    4985.808074 
3.633750    4982.169948 
3.633750    4978.536439 
3.642230    4974.910084 
3.642230    4971.288411 
3.650040    4967.673785 
3.650040    4964.063552 
3.657380    4960.460077 
3.657380    4956.861200 
3.664740    4953.269043 
3.664740    4949.681531 
3.672530    4946.100945 
3.672530    4942.524822 
3.672530    4938.953155 
3.680160    4935.388456 
3.680160    4931.828382 
3.687950    4928.275027 
3.687950    4924.726029 
3.695200    4921.183660 
3.695200    4917.645873 
3.702790    4914.114790 
3.702790    4910.588173 
3.710620    4907.068357 
3.710620    4903.553137 
3.718880    4900.044698 
3.718880    4896.540596 
3.727100    4893.043300 
3.727100    4889.550363 
3.734420    4886.063820 
3.734420    4882.581568 
3.742230    4879.105834 
3.742230    4875.634536 
3.749950    4872.169824 
3.749950    4868.709344 
3.749950    4865.253319 
3.758170    4861.803719 
3.758170    4858.358486 
3.766000    4854.919661 
3.766000    4851.485244 
3.773530    4848.057292 
3.773530    4844.633592 
3.781270    4841.216182 
3.781270    4837.803172 
3.788870    4834.396487 
3.788870    4830.994084 
3.796940    4827.597869 
3.796940    4824.205875 
3.804560    4820.820156 
3.804560    4817.438532 
3.812360    4814.063252 
3.812360    4810.692150 
3.820460    4807.327199 
3.820460    4803.966521 
3.828210    4800.612156 
3.828210    4797.262019 
3.828210    4793.916070 
3.836610    4790.576457 
3.836610    4787.240992 
3.844370    4783.911767 
3.844370    4780.586106 
3.852250    4777.267309 
3.852250    4773.952521 
3.860440    4770.643787 
3.860440    4767.339195 
3.868340    4764.040671 
3.868340    4760.746290 
3.876440    4757.457926 
3.876440    4754.173572 
3.884560    4750.895363 
3.884560    4747.621275 
3.892110    4744.353028 
3.892110    4741.088832 
3.899690    4737.830518 
3.899690    4734.576182 
3.907080    4731.327693 
3.907080    4728.083171 
3.907080    4724.842558 
3.914490    4721.607747 
3.914490    4718.376892 
3.921860    4715.151655 
3.921860    4711.930350 
3.929360    4708.714719 
3.929360    4705.503028 
3.936830    4702.296862 
3.936830    4699.094463 
3.944410    4695.897806 
3.944410    4692.705079 
3.952640    4689.518107 
3.952640    4686.334953 
3.959840    4683.157224 
3.959840    4679.983353 
3.967860    4676.815279 
3.967860    4673.651042 
3.975850    4670.492345 
3.975850    4667.337515 
3.983070    4664.188073 
3.983070    4661.042338 
3.983070    4657.900438 
3.990290    4654.763980 
3.990290    4651.631291 
3.998000    4648.504136 
3.998000    4645.380684 
4.005780    4642.262699 
4.005780    4639.148399 
4.014160    4636.039700 
4.014160    4632.934631 
4.021450    4629.834991 
4.021450    4626.738995 
4.029470    4623.648471 
4.029470    4620.561582 
4.036990    4617.480052 
4.036990    4614.402172 
4.044400    4611.329659 
4.044400    4608.260722 
4.051740    4605.197007 
4.051740    4602.136911 
4.059690    4599.082169 
4.059690    4596.031099 
4.059690    4592.984260 
4.066810    4589.943255 
4.066810    4586.906504 
4.074390    4583.875599 
4.074390    4580.848908 
4.082380    4577.828176 
4.082380    4574.811559 
4.090000    4571.800785 
4.090000    4568.794220 
4.097910    4565.793528 
4.097910    4562.796996 
4.105550    4559.806245 
4.105550    4556.819645 
4.113030    4553.838794 
4.113030    4550.861965 
4.120230    4547.890630 
4.120230    4544.923255 
4.127900    4541.961565 
4.127900    4539.003970 
4.135290    4536.051914 
4.135290    4533.103889 
4.135290    4530.159926 
4.143300    4527.221637 
4.143300    4524.287308 
4.150650    4521.358478 
4.150650    4518.433654 
4.158070    4515.514354 
4.158070    4512.599036 
4.165770    4509.689198 
4.165770    4506.783213 
4.173430    4503.882681 
4.173430    4500.985949 
4.180770    4498.094617 
4.180770    4495.207086 
4.188000    4492.324847 
4.188000    4489.446446 
4.195940    4486.573584 
4.195940    4483.704572 
4.203390    4480.840913 
4.203390    4477.981022 
4.211530    4475.126655 
4.211530    4472.275979 
4.211530    4469.428981 
4.219300    4466.587386 
4.219300    4463.749588 
4.227010    4460.917050 
4.227010    4458.088127 
4.234310    4455.264305 
4.234310    4452.444196 
4.241890    4449.629382 
4.241890    4446.818315 
4.249690    4444.012559 
4.249690    4441.210493 
4.257140    4438.413653 
4.257140    4435.620434 
4.264770    4432.832353 
4.264770    4430.047962 
4.272690    4427.268706 
4.272690    4424.493127 
4.280660    4421.722683 
4.280660    4418.955872 
4.289050    4416.194374 
4.289050    4413.436383 
4.289050    4410.681995 
4.296560    4407.932703 
4.296560    4405.187015 
4.304100    4402.446355 
4.304100    4399.709244 
4.311890    4396.977194 
4.311890    4394.248642 
4.319530    4391.525137 
4.319530    4388.805095 
4.327090    4386.090045 
4.327090    4383.378501 
4.334820    4380.671858 
4.334820    4377.968604 
4.342470    4375.270242 
4.342470    4372.575339 
4.350210    4369.885384 
4.350210    4367.198817 
4.358050    4364.517185 
4.358050    4361.838923 
4.365560    4359.165492 
4.365560    4356.495404 
4.365560    4353.828624 
4.373400    4351.166677 
4.373400    4348.507977 
4.380710    4345.854010 
4.380710    4343.203440 
4.388800    4340.557753 
4.388800    4337.915327 
4.396380    4335.277719 
4.396380    4332.643459 
4.404840    4330.014095 
4.404840    4327.388074 
4.412620    4324.766807 
4.412620    4322.148861 
4.420640    4319.535765 
4.420640    4316.925947 
4.428190    4314.320785 
4.428190    4311.718824 
4.436000    4309.121550 
4.436000    4306.527537 
4.443620    4303.938229 
4.443620    4301.352163 
4.443620    4298.769333 
4.451010    4296.191019 
4.451010    4293.615800 
4.458940    4291.045171 
4.458940    4288.477631 
4.466380    4285.914671 
4.466380    4283.354910 
4.473940    4280.799681 
4.473940    4278.247576 
4.481420    4275.700014 
4.481420    4273.155582 
4.488820    4270.615625 
4.488820    4268.078789 
4.496400    4265.546402 
4.496400    4263.017145 
4.504420    4260.492441 
4.504420    4257.970803 
4.512290    4255.453725 
4.512290    4252.939756 
4.520130    4250.430249 
4.520130    4247.923734 
4.520130    4245.420196 
4.527830    4242.921137 
4.527830    4240.425065 
4.535170    4237.933342 
4.535170    4235.444599 
4.543100    4232.960189 
4.543100    4230.478791 
4.551420    4228.001854 
4.551420    4225.527816 
4.559070    4223.058155 
4.559070    4220.591358 
4.567110    4218.128939 
4.567110    4215.669496 
4.575250    4213.214500 
4.575250    4210.762458 
4.583340    4208.314833 
4.583340    4205.870132 
4.591140    4203.429752 
4.591140    4200.992299 
4.599220    4198.559132 
4.599220    4196.128864 
4.599220    4193.701484 
4.606620    4191.278285 
4.606620    4188.857960 
4.614610    4186.441864 
4.614610    4184.028645 
4.621960    4181.619510 
4.621960    4179.213199 
4.629680    4176.811121 
4.629680    4174.411891 
4.636850    4172.016783 
4.636850    4169.624499 
4.645250    4167.236520 
4.645250    4164.850753 
4.652970    4162.468652 
4.652970    4160.088788 
4.660170    4157.712552 
4.660170    4155.338659 
4.667700    4152.968343 
4.667700    4150.600396 
4.675050    4148.235926 
4.675050    4145.873717 
4.675050    4143.513764 
4.683000    4141.157408 
4.683000    4138.803320 
4.690320    4136.452793 
4.690320    4134.104505 
4.697650    4131.759654 
4.697650    4129.417006 
4.705270    4127.077911 
4.705270    4124.740992 
4.713290    4122.407658 
4.713290    4120.076537 
4.721080    4117.748990 
4.721080    4115.423692 
4.728640    4113.101799 
4.728640    4110.782030 
4.736710    4108.465754 
4.736710    4106.151579 
4.744000    4103.840842 
4.744000    4101.532267 
4.752220    4099.227145 
4.752220    4096.924271 
4.752220    4094.623655 
4.760650    4092.326566 
4.760650    4090.031725 
4.768740    4087.740365 
4.768740    4085.451137 
4.776380    4083.165256 
4.776380    4080.881563 
4.783800    4078.601188 
4.783800    4076.322939 
4.790990    4074.047939 
4.790990    4071.775148 
4.795770    4069.505250 
4.800950    4067.238317 
4.811520    4064.975129 
4.821280    4062.715599 
4.826420    4060.459065 
4.835720    4058.206133 
4.840290    4055.955923 
4.849670    4053.709259 
4.854330    4051.465426 
4.864190    4049.225278 
4.869460    4046.988066 
4.878750    4044.754357 
4.884170    4042.523567 
4.893820    4040.296373 
4.898760    4038.072081 
4.908060    4035.851336 
4.912990    4033.633403 
4.917600    4031.418133 
4.927600    4029.206401 
4.932340    4026.997431 
4.942070    4024.791990 
4.946780    4022.589318 
4.956490    4020.390142 
4.961140    4018.193727 
4.970380    4016.000720 
4.975480    4013.810530 
4.984890    4011.623856 
4.989790    4009.439831 
4.999470    4007.259278 
5.004110    4005.081476 
5.013730    4002.907219 
5.018300    4000.735615 
5.022990    3998.566692 
5.032340    3996.401162 
5.037430    3994.238359 
5.047180    3992.079066 
5.051750    3989.922409 
5.061430    3987.769161 
5.066340    3985.618537 
5.076400    3983.471308 
5.081660    3981.326833 
5.091830    3979.185790 
5.096880    3977.047477 
5.106750    3974.912509 
5.111530    3972.780198 
5.121740    3970.651386 
5.126540    3968.525226 
5.136530    3966.402443 
5.142000    3964.282342 
5.146940    3962.164915 
5.156530    3960.050811 
5.161830    3957.939390 
5.171660    3955.831282 
5.176890    3953.725764 
5.186310    3951.623500 
5.190910    3949.523754 
5.200960    3947.427385 
5.205940    3945.333657 
5.215480    3943.243195 
5.220510    3941.155235 
5.235090    3939.071251 
5.239830    3936.989786 
5.244550    3934.910859 
5.249140    3932.834401 
5.253980    3930.760499 
5.258930    3928.689173 
5.263640    3926.620359 
5.268800    3924.554103 
5.273710    3922.490260 
5.278390    3920.429259 
5.283520    3918.370777 
5.288910    3916.314907 
5.294150    3914.261592 
5.299050    3912.210689 
5.303670    3910.162197 
5.308410    3908.116187 
5.312970    3906.072496 
5.317530    3904.031238 
5.322970    3901.992433 
5.327800    3899.956076 
5.327800    3897.921536 
5.332530    3895.889421 
5.337100    3893.859690 
5.341680    3891.832238 
5.346300    3889.807169 
5.351310    3887.784448 
5.355880    3885.764121 
5.360660    3883.746229 
5.365390    3881.730731 
5.370140    3879.717597 
5.374880    3877.706794 
5.379770    3875.698323 
5.384490    3873.692101 
5.389430    3871.688337 
5.394470    3869.686957 
5.399490    3867.687924 
5.404700    3865.691234 
5.409380    3863.696947 
5.414520    3861.705096 
5.419460    3859.715648 
5.424080    3857.728372 
5.429220    3855.743546 
5.433950    3853.761080 
5.438560    3851.780995 
5.443480    3849.803218 
5.448410    3847.827760 
5.453250    3845.854605 
5.458100    3843.883778 
5.462710    3841.915131 
5.467890    3839.948834 
5.472710    3837.984875 
5.477990    3836.022971 
5.482990    3834.063327 
5.487930    3832.105969 
5.492530    3830.150741 
5.497530    3828.197814 
5.502190    3826.247123 
5.507340    3824.298719 
5.512070    3822.352513 
5.516910    3820.408637 
5.521970    3818.466981 
5.527160    3816.527653 
5.532350    3814.590636 
5.537000    3812.655839 
5.541750    3810.723271 
5.546360    3808.792924 
5.551310    3806.864838 
5.555890    3804.939000 
5.560600    3803.015423 
5.565210    3801.094076 
5.570240    3799.175063 
5.575310    3797.258319 
5.580300    3795.343777 
5.585780    3793.431458 
5.590630    3791.521354 
5.595350    3789.613456 
5.600090    3787.707725 
5.604930    3785.804221 
5.609880    3783.902903 
5.615050    3782.003859 
5.619800    3780.107019 
5.624810    3778.212386 
5.629540    3776.319881 
5.634190    3774.429593 
5.638850    3772.541392 
5.643500    3770.655347 
5.648520    3768.771479 
5.653640    3766.889744 
5.658320    3765.010083 
5.662870    3763.132538 
5.667830    3761.257159 
5.667830    3759.383327 
5.675120    3757.511923 
5.675120    3755.642036 
5.683010    3753.774580 
5.683010    3751.908663 
5.690270    3750.045129 
5.690270    3748.183079 
5.697650    3746.323405 
5.697650    3744.465250 
5.705570    3742.609579 
5.705570    3740.755398 
5.714240    3738.903785 
5.714240    3737.053694 
5.722530    3735.206128 
5.722530    3733.360053 
5.730490    3731.516419 
5.730490    3729.674259 
5.738400    3727.834561 
5.738400    3725.996358 
5.745720    3724.160452 
5.745720    3722.326073 
5.752800    3720.494003 
5.752800    3718.663408 
5.760680    3716.835138 
5.760680    3715.008351 
5.768720    3713.183995 
5.768720    3711.361119 
5.776680    3709.540728 
5.776680    3707.721788 
5.783960    3705.905207 
5.783960    3704.090121 
5.783960    3702.276469 
5.791490    3700.465195 
5.791490    3698.655364 
5.798710    3696.847761 
5.798710    3695.041620 
5.806210    3693.237710 
5.806210    3691.435269 
5.814510    3689.635250 
5.814510    3687.836672 
5.822010    3686.041005 
5.822010    4719.923102 
5.829670    5949.524085 
5.829670    6980.604600 
5.838120    8207.154591 
5.838120    9231.940842 
5.845530    10455.453754 
5.845530    11480.966365 
5.853270    12701.451519 
5.853270    13724.195429 
5.853270    14603.621022 
5.860980    15819.740598 
5.860980    16838.506038 
5.868480    18051.626176 
5.868480    19067.649537 
5.875620    20277.781625 
5.875620    21291.073618 
5.883430    22498.228982 
5.883430    23508.800264 
5.891310    24712.990175 
5.891310    25720.851346 
5.899440    26917.177012 
5.899440    27918.876114 
5.907040    29117.174048 
5.907040    30119.651921 
5.914550    31315.017858 
5.914550    32314.817082 
5.921800    33507.262065 
5.921800    34500.940620 
5.929400    35690.477834 
5.929400    36684.953055 
5.929400    37535.495395 
5.937060    38720.840122 
5.937060    39708.058035 
5.944380    40890.521817 
5.944380    41878.550637 
5.952360    43058.142081 
5.952360    44043.548321 
5.959830    45220.278171 
5.959830    46203.071926 
5.967200    47376.950871 
5.967200    48357.142190 
5.975200    49528.180865 
5.975200    50502.359988 
5.982910    51670.571130 
5.982910    52645.589662 
5.990360    53810.981639 
5.990360    54783.427562 
5.998340    55946.010852 
5.998340    56915.894011 
6.005890    58070.858417 
6.005890    59034.789040 
6.005890    59860.120581 
6.013450    61015.880807 
6.013450    61979.552766 
6.021300    63132.540181 
6.021300    64090.291107 
6.028840    65240.518076 
6.028840    66199.143611 
6.036740    67346.618204 
6.036740    68302.733851 
6.044640    69447.466212 
6.044640    70397.702228 
6.052590    71534.922957 
6.052590    72482.677374 
6.059960    73621.962675 
6.059960    74570.612791 
6.067870    75702.416258 
6.067870    76645.230569 
6.067870    77450.933649 
6.075600    78583.607244 
6.075600    79522.883987 
6.082820    80652.871948 
6.082820    81593.062003 
6.090540    82720.372070 
6.090540    83658.122149 
6.098150    84782.764101 
6.098150    85718.083382 
6.106240    86835.329594 
6.106240    87764.886279 
6.113710    88879.494601 
6.113710    89806.647789 
6.121490    90918.627817 
6.121490    91843.386515 
6.129270    92957.467680 
6.129270    93883.169481 
6.136610    94994.630667 
6.136610    95917.946844 
6.136610    96704.920599 
6.144450    97812.609643 
6.144450    98732.503942 
6.152540    99837.596315 
6.152540    100755.126837 
6.160100    101857.631920 
6.160100    102772.807465 
6.167880    103872.734592 
6.167880    104782.254749 
6.175830    105879.615228 
6.175830    106790.109064 
6.183260    107884.910119 
6.183260    108793.075116 
6.191100    109885.325947 
6.191100    110787.873634 
6.198440    111877.585401 
6.198440    112777.827468 
6.198440    113544.005120 
6.206280    114630.062995 
6.206280    115530.287199 
6.213490    116609.175089 
6.213490    117503.828295 
6.221190    118584.862543 
6.221190    119477.239453 
6.228290    120555.774923 
6.228290    121449.159116 
6.236130    122520.568310 
6.236130    123408.418553 
6.244280    124481.983968 
6.244280    125370.850243 
6.252010    126441.941508 
6.252010    127328.558871 
6.259200    128397.184778 
6.259200    129278.302017 
6.266780    130344.473272 
6.266780    131226.619447 
6.266780    131972.997357 
6.274340    133035.635513 
6.274340    133911.333917 
6.282420    134971.538771 
6.282420    135848.276330 
6.290440    136906.054539 
6.290440    137780.587681 
6.297850    138835.947808 
6.297850    139705.046509 
6.305470    140757.999012 
6.305470    141628.149280 
6.313070    142674.124277 
6.313070    143538.866473 
6.320820    144587.029910 
6.320820    145449.605307 
6.328390    146495.386422 
6.328390    147355.802872 
6.328390    148085.068189 
6.335900    149127.423306 
6.335900    149987.964573 
6.344010    151027.955964 
6.344010    151883.138616 
6.352030    152920.776450 
6.352030    153773.827039 
6.359810    154804.578291 
6.359810    155655.507187 
6.375800    156688.465211 
6.375800    157540.479104 
6.380590    158571.106220 
6.380590    159421.005332 
6.391740    160444.784465 
6.391740    161289.384869 
6.402210    162315.379017 
6.402210    163161.075852 
6.402210    163876.132328 
6.404470    164898.798197 
6.404470    165741.488274 
6.406560    166761.859139 
6.406560    167602.468019 
6.413940    168620.551825 
6.413940    169459.086944 
6.421670    170474.891601 
6.421670    171311.360360 
6.429650    172324.893741 
6.429650    173159.303505 
6.437650    174170.573445 
6.437650    174999.765329 
6.445530    176008.781476 
6.445530    176835.934531 
6.452680    177842.704640 
6.452680    178667.826112 
6.452680    179364.433079 
6.459940    180367.975260 
6.459940    181193.342716 
6.467740    182194.655963 
6.467740    183018.004014 
6.475810    184017.095969 
6.475810    184838.431760 
6.483680    185835.310026 
6.483680    186654.640669 
6.491160    187649.312818 
6.491160    188466.645392 
6.498820    189459.118958 
6.498820    190274.460508 
6.506460    191264.742992 
6.506460    192078.100531 
6.514170    193066.199400 
6.514170    193874.452037 
6.522250    194860.376526 
6.522250    195669.788752 
6.522250    196348.987835 
6.530230    197327.368276 
6.530230    198130.846656 
6.538400    199111.491825 
6.538400    199916.137723 
6.546650    200894.632157 
6.546650    201697.331737 
6.554080    202673.682717 
6.554080    203474.442784 
6.562170    204448.657560 
6.562170    205247.484888 
6.569670    206219.570676 
6.569670    207016.472007 
6.577170    207986.435990 
6.577170    208781.418037 
6.584790    209749.267365 
6.584790    210542.336807 
6.592530    211508.078600 
6.592530    212299.242088 
6.592530    212961.622131 
6.600440    213919.967362 
6.600440    214705.323621 
6.608210    215665.953591 
6.608210    216452.507027 
6.616000    217411.053838 
6.616000    218192.645902 
6.623390    219144.762492 
6.623390    219924.485569 
6.630980    220878.892910 
6.630980    221659.822189 
6.638480    222612.167191 
6.638480    223388.164988 
6.646140    224338.456269 
6.646140    225115.666181 
6.653840    226063.908854 
6.653840    226836.207027 
6.661410    227782.409641 
6.661410    228555.925757 
6.661410    229204.329259 
6.668990    230143.276254 
6.668990    230911.105739 
6.676970    231852.355647 
6.676970    232621.409972 
6.684340    233560.641450 
6.684340    234327.872982 
6.691810    235265.092718 
6.691810    236030.507696 
6.699820    236961.417834 
6.699820    237721.986379 
6.707850    238650.906988 
6.707850    239409.678876 
6.715400    240336.616524 
6.715400    241093.597885 
6.723100    242018.559112 
6.723100    242773.756048 
6.730290    243696.747363 
6.730290    244450.165949 
6.730290    245080.594283 
6.738070    246000.757848 
6.738070    246751.635082 
6.745610    247674.118002 
6.745610    248426.245856 
6.753910    249346.772368 
6.753910    250097.135272 
6.761890    251015.711789 
6.761890    251764.315722 
6.769570    252680.948626 
6.769570    253427.799541 
6.778380    254342.495188 
6.778380    255087.599011 
6.786230    256000.363727 
6.786230    256740.726508 
6.793580    257647.323228 
6.793580    258385.958006 
6.801430    259294.885385 
6.801430    260034.788870 
6.808850    260941.804122 
6.808850    261679.983944 
6.808850    262293.625053 
6.816180    263197.898079 
6.816180    263933.617453 
6.823740    264835.993593 
6.823740    265570.003493 
6.831310    266470.488898 
6.831310    267202.795054 
6.838540    268097.181113 
6.838540    268824.816379 
6.845860    269721.542599 
6.845860    270447.490395 
6.853220    271342.345790 
6.853220    272069.580412 
6.861400    272962.569395 
6.861400    273688.122938 
6.868950    274579.251528 
6.868950    275300.167431 
6.876490    276189.443236 
6.876490    276911.653032 
6.876490    277510.631736 
6.883780    278397.249071 
6.883780    279117.076278 
6.891420    280001.853831 
6.891420    280720.024748 
6.899570    281602.968422 
6.899570    282319.488548 
6.906950    283200.604220 
6.906950    283912.534550 
6.915440    284791.829670 
6.915440    285505.066205 
6.922610    286382.544999 
6.922610    287094.147087 
6.930120    287965.657670 
6.930120    288672.698045 
6.937840    289542.412213 
6.937840    290247.835920 
6.945880    291119.908101 
6.945880    291826.646811 
6.953800    292696.925707 
6.953800    293402.051421 
6.953800    293985.359532 
6.961550    294853.068628 
6.961550    295555.894116 
6.968820    296421.823904 
6.968820    297123.049389 
6.976540    297987.205514 
6.976540    298683.921831 
6.985270    299546.311476 
6.985270    300244.354250 
6.992310    301104.981443 
6.992310    301801.439898 
6.999550    302660.310209 
6.999550    303355.189529 
7.007120    304212.308508 
7.007120    304905.613853 
7.014940    305760.987023 
7.014940    306452.723535 
7.023030    307306.356397 
7.023030    307996.529191 
7.023030    308568.287788 
7.031120    309415.330938 
7.031120    310100.384744 
7.038790    310949.800331 
7.038790    311636.195539 
7.046370    312483.889656 
7.046370    313168.738650 
7.053540    314010.634161 
7.053540    314691.062236 
7.060760    315535.333281 
7.060760    316217.108582 
7.068950    317059.674276 
7.068950    317739.918351 
7.076770    318580.784023 
7.076770    319256.629090 
7.084510    320095.801569 
7.084510    320772.999558 
7.092490    321610.482605 
7.092490    322286.164168 
7.100590    323121.963046 
7.100590    323796.133076 
7.100590    324351.089521 
7.108380    325184.476838 
7.108380    325853.634347 
7.116220    326685.351842 
7.116220    327355.870351 
7.124580    328185.921704 
7.124580    328854.945417 
7.132480    329683.335794 
7.132480    330350.869511 
7.140330    331173.570837 
7.140330    331836.774354 
7.148340    332661.861797 
7.148340    333326.433448 
7.155520    334149.875276 
7.155520    334812.971203 
7.163160    335634.772496 
7.163160    336296.397419 
7.170480    337112.546894 
7.170480    337769.872416 
7.178390    338584.399230 
7.178390    339240.269659 
7.178390    339781.082982 
7.186410    340597.291828 
7.186410    341251.086917 
7.194800    342061.677384 
7.194800    342714.028735 
7.202520    343523.013724 
7.202520    344173.925929 
7.209920    344985.303732 
7.209920    345637.598273 
7.217890    346443.383517 
7.217890    347091.427592 
7.225850    347895.622073 
7.225850    348542.240667 
7.233330    349348.830196 
7.233330    349996.835983 
7.241260    350801.836815 
7.241260    351448.419715 
7.248580    352247.863985 
7.248580    352890.226140 
7.256030    353692.067594 
7.256030    354335.821692 
7.263670    355136.088919 
7.263670    355778.433559 
7.263670    356304.302647 
7.271970    357102.317667 
7.271970    357739.862208 
7.280180    358536.316162 
7.280180    359172.466422 
7.287900    359967.364043 
7.287900    360604.912956 
7.295840    361398.257523 
7.295840    362034.416610 
7.303360    362826.212824 
7.303360    363460.986445 
7.310930    364251.238986 
7.310930    364884.631483 
7.318690    365673.345013 
7.318690    366305.360709 
7.326630    367092.539870 
7.326630    367720.408786 
7.333780    368502.133625 
7.333780    369128.640594 
7.342210    369908.847720 
7.342210    370533.996992 
7.349960    371316.608953 
7.349960    371943.168561 
7.349960    372456.689953 
7.357550    373233.214408 
7.357550    373855.079508 
7.365260    374634.009972 
7.365260    375257.288705 
7.372990    376030.810263 
7.372990    376649.989867 
7.380620    377425.918487 
7.380620    378043.761305 
7.388330    378818.195440 
7.388330    379437.455990 
7.396160    380210.398710 
7.396160    380828.326573 
7.404130    381599.782327 
7.404130    382216.381627 
7.411470    382986.354849 
7.411470    383598.887668 
7.419030    384367.384158 
7.419030    384978.600768 
7.426870    385745.624918 
7.426870    386358.265874 
7.434250    387123.820677 
7.434250    387735.149397 
7.441460    388495.370578 
7.441460    389102.662068 
7.449270    389865.294569 
7.449270    390471.286006 
7.449270    390966.493302 
7.456940    391723.180588 
7.456940    392327.325787 
7.464710    393086.425242 
7.464710    393692.001547 
7.472700    394445.804050 
7.472700    395047.373207 
7.480820    395803.588672 
7.480820    396406.591382 
7.488390    397161.369585 
7.488390    397763.089760 
7.496280    398516.434936 
7.496280    399114.165988 
7.504280    399866.083708 
7.504280    400465.251914 
7.511880    401215.745023 
7.511880    401813.642407 
7.519440    402562.715088 
7.519440    403159.345524 
7.527930    403907.001946 
7.527930    404502.369292 
7.535860    405248.613607 
7.535860    405842.721705 
7.543600    406583.741323 
7.543600    407173.901547 
7.551570    407917.337267 
7.551570    408508.941566 
7.551570    408990.570137 
7.559080    409731.999424 
7.559080    410319.137318 
7.566670    411055.370630 
7.566670    411641.272066 
7.574720    412379.922323 
7.574720    412967.271521 
7.582790    413704.536063 
7.582790    414290.650423 
7.589900    415026.533283 
7.589900    415611.416534 
7.597320    416345.921726 
7.597320    416929.577583 
7.605320    417662.709108 
7.605320    418245.141271 
7.613580    418976.903112 
7.613580    419555.446108 
7.621240    420285.843548 
7.621240    420863.174142 
7.628660    421592.211128 
7.628660    422170.996879 
7.636280    422898.676037 
7.636280    423476.252742 
7.644030    424202.577993 
7.644030    424778.949279 
7.651430    425500.162039 
7.651430    426072.677274 
7.651430    426537.369354 
7.658650    427260.420270 
7.658650    427833.887057 
7.666430    428555.597494 
7.666430    429125.221663 
7.674480    429845.596770 
7.674480    430416.682374 
7.682010    431135.724696 
7.682010    431705.624391 
7.689910    432423.337752 
7.689910    432992.055074 
7.697880    433708.443286 
7.697880    434275.981756 
7.705950    434987.313571 
7.705950    435551.041796 
7.713860    436264.794176 
7.713860    436829.988545 
7.721340    437542.427115 
7.721340    438106.453108 
7.728800    438813.857444 
7.728800    439374.091285 
7.736940    440083.916551 
7.736940    440645.619255 
7.744260    441350.424954 
7.744260    441908.347473 
7.752630    442615.574308 
7.752630    443172.346032 
7.760200    443878.278928 
7.760200    444436.522154 
7.768120    445137.457323 
7.768120    445691.938179 
7.768120    446140.224900 
7.775460    446843.026450 
7.775460    447398.497054 
7.782760    448100.016044 
7.782760    448654.347124 
7.790600    449354.587189 
7.790600    449907.782099 
7.798630    450606.746856 
7.798630    451158.808937 
7.805850    451852.815363 
7.805850    452401.147155 
7.813500    453097.575114 
7.813500    453647.384522 
7.821080    454342.547942 
7.821080    454891.234461 
7.829590    455585.136906 
7.829590    456132.703826 
7.837330    456825.348846 
7.837330    457369.206839 
7.844950    458060.599211 
7.844950    458605.937989 
7.853090    459296.079996 
7.853090    459840.308965 
7.860520    460529.204116 
7.860520    461072.326517 
7.868270    461759.978310 
7.868270    462299.414640 
7.876610    462985.827790 
7.876610    463526.747948 
7.883930    464211.924692 
7.883930    464751.747922 
7.883930    465186.294427 
7.891190    465869.707127 
7.891190    466407.974945 
7.898600    467090.159701 
7.898600    467627.338383 
7.906150    468308.298622 
7.906150    468844.391327 
7.913790    469520.494453 
7.913790    470052.939213 
7.921420    470731.463575 
7.921420    471265.396689 
7.928670    471942.706729 
7.928670    472473.001280 
7.938490    473149.101582 
7.938490    473680.885867 
7.943320    474352.156295 
7.943320    474880.314765 
7.951330    475554.006153 
7.951330    476083.655703 
7.959500    476756.146186 
7.959500    477282.179186 
7.966920    477953.473288 
7.966920    478480.998689 
7.974630    479151.098521 
7.974630    479677.565830 
7.981970    480346.474692 
7.981970    480871.886952 
7.989960    481539.608131 
7.989960    482063.968371 
7.997750    482730.505144 
7.997750    483253.816382 
8.005140    483919.172012 
8.005140    484441.437257 
8.012410    485105.614995 
8.012410    485626.837241 
8.020320    486289.840327 
8.020320    486810.022560 
8.020320    487224.881838 
8.027800    487882.627667 
8.027800    488398.809404 
8.035460    489055.394664 
8.035460    489570.548847 
8.043160    490229.553455 
8.043160    490746.206363 
8.050660    491404.050586 
8.050660    491919.676609 
8.058330    492576.363622 
8.058330    493090.965683 
8.066220    493746.498649 
8.066220    494260.079662 
8.073760    494910.898276 
8.073760    495420.947150 
8.081390    496070.624131 
8.081390    496579.662892 
8.089530    497228.201350 
8.089530    497736.232864 
8.097190    498387.189462 
8.097190    498896.723602 
8.105120    499546.541779 
8.105120    500052.562911 
8.112670    500701.246920 
8.112670    501208.771736 
8.121080    501856.323499 
8.121080    502362.847335 
8.129290    503009.269923 
8.129290    503514.795605 
8.136790    504160.092080 
8.136790    504664.622424 
8.144250    505305.261895 
8.144250    505806.306518 
8.152230    506449.362672 
8.152230    506951.913516 
8.160080    507593.852665 
8.160080    508095.416553 
8.160080    508495.314086 
8.168310    509135.661850 
8.168310    509635.828901 
8.175930    510275.067037 
8.175930    510774.253905 
8.183290    511412.385401 
8.183290    511908.112580 
8.190920    512545.141550 
8.190920    513039.897440 
8.199230    513675.826847 
8.199230    514172.091887 
8.206660    514806.923554 
8.206660    515302.219344 
8.214740    515935.956215 
8.214740    516427.812264 
8.222790    517060.458403 
8.222790    517553.824937 
8.230270    518181.885214 
8.230270    518671.823487 
8.237960    519302.297381 
8.237960    519793.746995 
8.245660    520423.137765 
8.245660    520911.167358 
8.253330    521539.479017 
8.253330    522026.558814 
8.261240    522653.794242 
8.261240    523142.386625 
8.269160    523768.547575 
8.269160    524256.192093 
8.277080    524881.281427 
8.277080    525365.525425 
8.284900    525989.547106 
8.284900    526475.304887 
8.292990    527098.260644 
8.292990    527583.078421 
8.300360    528204.971087 
8.300360    528688.851461 
8.308320    529309.683857 
8.308320    529790.182995 
8.316120    530406.496796 
8.316120    530886.068573 
8.324050    531504.792615 
8.324050    531985.880056 
8.331740    532600.096219 
8.331740    533077.818295 
8.339530    533694.444025 
8.339530    534171.244846 
8.346960    534786.825348 
8.346960    535265.142893 
8.355020    535876.233132 
8.355020    536351.199501 
8.362920    536964.698264 
8.362920    537438.750964 
8.370720    538051.212743 
8.370720    538524.354283 
8.378520    539135.781806 
8.378520    539610.441411 
8.378520    539986.050400 
8.386000    540596.004531 
8.386000    541069.375396 
8.390890    541674.871072 
8.395490    542283.254362 
8.400170    542887.667990 
8.409790    543494.967621 
8.419520    544101.725746 
8.424190    544707.943088 
8.433430    545313.620370 
8.438100    545918.758313 
8.447420    546523.357638 
8.452000    547127.419063 
8.462460    547727.528790 
8.467750    548327.105085 
8.477110    548926.148661 
8.482210    549524.660226 
8.491510    550126.048943 
8.496400    550726.904042 
8.506270    551323.820800 
8.510890    551923.612299 
8.515650    552522.872303 
8.525400    553121.601518 
8.530540    553719.800651 
8.540920    554317.470403 
8.545830    554914.611478 
8.556210    555511.224577 
8.561120    556107.310400 
8.570460    556702.869645 
8.575340    557297.903010 
8.585000    557892.411191 
8.590320    558486.394883 
8.600320    559079.854780 
8.604980    559672.791575 
8.615610    560261.823029 
8.621040    560853.717181 
8.625920    561445.090299 
8.635170    562035.943071 
8.639820    562626.276184 
8.649220    563216.090322 
8.654260    563805.386170 
8.663960    564394.164412 
8.669250    564982.425727 
8.679040    565566.801229 
8.683720    566150.664120 
8.693570    566734.015076 
8.698270    567320.219907 
8.707540    567905.911200 
8.712460    568491.089628 
8.722130    569075.755865 
8.727070    569659.910583 
8.731770    570243.554453 
8.741570    570826.688145 
8.746280    571409.312327 
8.756790    571991.427668 
8.761940    572573.034832 
8.771550    573154.134486 
8.776580    573734.727293 
8.786510    574314.813916 
8.791500    574894.395018 
8.801810    575473.471257 
8.806950    576052.043295 
8.817430    576630.111788 
8.822020    577207.677395 
8.832130    577784.740770 
8.836760    578361.302570 
8.841420    578937.363447 
8.855940    579512.924054 
8.860550    580087.985042 
8.865120    580662.547062 
8.869860    581236.610763 
8.874870    581810.176793 
8.879930    582383.245798 
8.884920    582955.818425 
8.889580    583527.895318 
8.894180    584099.477121 
8.898840    584670.564476 
8.903510    585241.158024 
8.908720    585811.258405 
8.914050    586380.866260 
8.919300    586949.982225 
8.924580    587518.606937 
8.929280    588086.741033 
8.933890    588654.385147 
8.938860    589221.539913 
8.943780    589788.205963 
8.948510    590351.076758 
8.953310    590913.462947 
8.958220    591478.669478 
8.962980    592043.389810 
8.968110    592607.624570 
8.972730    593171.374384 
8.977630    593731.341231 
8.982510    594294.124442 
8.987120    594853.128764 
8.991680    595414.947860 
8.996680    595976.285121 
9.001790    596537.141167 
9.006960    597097.516617 
9.011570    597657.412088 
9.016600    598216.828197 
9.021460    598775.765558 
9.026440    599330.940249 
9.031880    599888.923362 
9.036600    600446.429566 
9.041620    601003.459473 
9.046880    601560.013692 
9.051590    602116.092833 
9.056960    602668.421375 
9.061950    603223.553579 
9.066620    603774.939189 
9.071220    604329.126876 
9.075930    604879.571964 
9.080540    605432.817545 
9.085330    605985.592279 
9.090090    606537.896766 
9.094770    607089.731606 
9.099900    607641.097398 
9.104660    608191.994741 
9.109450    608739.163403 
9.114340    609289.127018 
9.119130    609838.623969 
9.124240    610387.654850 
9.128930    610932.964956 
9.134120    611481.066853 
9.139030    612028.704453 
9.143640    612575.878347 
9.148340    613122.589122 
9.152930    613668.837368 
9.157680    614214.623670 
9.162370    614759.948614 
9.162370    615173.897208 
9.170520    615718.356475 
9.170520    616131.551036 
9.178070    616675.146770 
9.178070    617089.876780 
9.186040    617632.610154 
9.186040    618046.587141 
9.193210    618588.460290 
9.193210    619001.686201 
9.200520    619542.701249 
9.200520    619955.178026 
9.208230    620495.337094 
9.208230    620907.066671 
9.215340    621446.371870 
9.215340    621857.356174 
9.223370    622395.809611 
9.223370    622806.050563 
9.231060    623343.654335 
9.231060    623753.153851 
9.238780    624289.910048 
9.238780    624698.670036 
9.246590    625234.580744 
9.246590    625642.603104 
9.254190    626177.670401 
9.254190    626584.957030 
9.261500    627119.182985 
9.261500    627525.735771 
9.269230    628059.122448 
9.269230    628464.943274 
9.277190    628997.492730 
9.277190    629402.583472 
9.285090    629931.095403 
9.285090    630333.198435 
9.285090    630643.659018 
9.292580    631174.192038 
9.292580    631577.533341 
9.300590    632107.236174 
9.300590    632509.853796 
9.308210    633035.535434 
9.308210    633435.178300 
9.315950    633963.229095 
9.315950    634364.407156 
9.323320    634891.633820 
9.323320    635292.093723 
9.330800    635815.313176 
9.330800    636212.809427 
9.338870    636738.396096 
9.338870    637137.427415 
9.347060    637662.195950 
9.347060    638060.514578 
9.355020    638581.289786 
9.355020    638976.655784 
9.363320    639499.796249 
9.363320    639896.697160 
9.363320    640202.180614 
9.370750    640724.167097 
9.370750    641117.832843 
9.378630    641635.842893 
9.378630    642028.808018 
9.386820    642549.180909 
9.386820    642941.445882 
9.394130    643461.014250 
9.394130    643854.813750 
9.401370    644373.578617 
9.401370    644766.678749 
9.409190    645284.642056 
9.409190    645677.044587 
9.416440    646194.208267 
9.416440    646585.914958 
9.424120    647102.280937 
9.424120    647493.293543 
9.432040    648008.863743 
9.432040    648399.184012 
9.440010    648913.960347 
9.440010    649303.590023 
9.447540    649817.574401 
9.447540    650206.515222 
9.455400    650719.709545 
9.455400    651107.963243 
9.463260    651620.369407 
9.463260    652007.937707 
9.471250    652519.557602 
9.471250    652906.442226 
9.478550    653417.277736 
9.478550    653803.480397 
9.486290    654313.533399 
9.486290    654699.055807 
9.493950    655205.198894 
9.493950    655587.834769 
9.502000    656093.203808 
9.502000    656475.166798 
9.502000    656767.666159 
9.509750    657275.061757 
9.509750    657658.283277 
9.517030    658164.904633 
9.517030    658547.453413 
9.524570    659050.184529 
9.524570    659429.862324 
9.532930    659934.942884 
9.532930    660316.153369 
9.540820    660820.465200 
9.540820    661201.007962 
9.548490    661704.552892 
9.548490    662084.429591 
9.555880    662587.209442 
9.555880    662964.227671 
9.563400    663466.245145 
9.563400    663844.795572 
9.571290    664346.051590 
9.571290    664723.940907 
9.578980    665224.437274 
9.578980    665599.478369 
9.586540    666099.217765 
9.586540    666475.790661 
9.593780    666974.773995 
9.593780    667350.690685 
9.601200    667848.919743 
9.601200    668224.181853 
9.608920    668721.658416 
9.608920    669094.085855 
9.617230    669590.812576 
9.617230    669962.591297 
9.617230    670246.028824 
9.625280    670741.694452 
9.625280    671114.740741 
9.633010    671606.578402 
9.633010    671976.802908 
9.640750    672470.979587 
9.640750    672842.734706 
9.648320    673336.168482 
9.648320    673707.279348 
9.656160    674199.971967 
9.656160    674570.440165 
9.663640    675062.393366 
9.663640    675432.220478 
9.671480    675923.435994 
9.671480    676292.623594 
9.678970    676783.103154 
9.678970    677151.652813 
9.686190    677641.398140 
9.686190    678009.311423 
9.694480    678498.324234 
9.694480    678865.602702 
9.702170    679353.884710 
9.702170    679720.529917 
9.709450    680208.082827 
9.709450    680574.096324 
9.709450    680852.098728 
9.716520    681338.620137 
9.716520    681703.747871 
9.724280    682189.544333 
9.724280    682554.044117 
9.731950    683039.117319 
9.731950    683402.990685 
9.739600    683887.342312 
9.739600    684250.590788 
9.747290    684734.222517 
9.747290    685096.847627 
9.754480    685579.761129 
9.754480    685941.764391 
9.762160    686423.961335 
9.762160    686785.344261 
9.769850    687263.789832 
9.769850    687622.411366 
9.777870    688103.182220 
9.777870    688463.331042 
9.785940    688943.390304 
9.785940    689302.923299 
9.793380    689782.272616 
9.793380    690139.052584 
9.801230    690617.694440 
9.801230    690976.001101 
9.808520    691453.936288 
9.808520    691811.631588 
9.808520    692080.670142 
9.816560    692557.606716 
9.816560    692914.446037 
9.823980    693390.679919 
9.823980    693746.911479 
9.831250    694222.444287 
9.831250    694578.069554 
9.838650    695052.902903 
9.838650    695407.923341 
9.846410    695879.047369 
9.846410    696231.339499 
9.854190    696704.780761 
9.854190    697058.597925 
9.861470    697531.344536 
9.861470    697884.561230 
9.869050    698356.614783 
9.869050    698709.232454 
9.876550    699180.594537 
9.876550    699532.614625 
9.884350    700003.286823 
9.884350    700354.710764 
9.892310    700824.694656 
9.892310    701175.523882 
9.900010    701644.821041 
9.900010    701992.942464 
9.907730    702461.555286 
9.907730    702811.200180 
9.915160    703279.129402 
9.915160    703626.072626 
9.922370    704093.320629 
9.922370    704441.786860 
9.922370    704704.240341 
9.929940    705170.524523 
9.929940    705516.059001 
9.938040    705981.665752 
9.938040    706328.722559 
9.945830    706793.652601 
9.945830    707140.125195 
9.953440    707604.380067 
9.953440    707948.167622 
9.960870    708411.749673 
9.960870    708757.058833 
9.968610    709219.968776 
9.968610    709562.598924 
9.975970    710024.839095 
9.975970    710366.893013 
9.983290    710828.464929 
9.983290    711172.039711 
9.990750    711629.977971 
9.990750    711970.883875 
9.998320    712428.160336 
9.998320    712762.302053 
10.006600    712567.638612 
10.011700    713018.306446 
10.011700    713347.779160 
10.011700    713605.938495 
10.019400    714055.685919 
10.019400    714384.378881 
10.026700    714833.480697 
10.026700    715182.417422 
10.034200    715630.867089 
10.034200    715979.229156 
10.042300    716457.147239 
10.042300    716804.924435 
10.042300    717060.864737 
10.050100    717537.817590 
10.050100    717884.780056 
10.057500    718330.989880 
10.057500    718656.658339 
10.065800    719132.268815 
10.065800    719478.089074 
10.073300    719923.005579 
10.073300    720247.566235 
10.081500    720721.840311 
10.081500    721066.523724 
10.089100    721510.152728 
10.089100    721854.271495 
10.096200    722297.260696 
10.096200    722620.171250 
10.103800    723062.529963 
10.103800    723384.902138 
10.111500    723826.631771 
10.111500    724169.080240 
10.119900    724640.052389 
10.119900    724981.930070 
10.127600    725422.378688 
10.127600    725743.116267 
10.135900    726182.940043 
10.135900    726503.144326 
10.143400    726942.344652 
10.143400    727262.016889 
10.150800    727700.595150 
10.150800    728040.271705 
10.158400    728478.221488 
10.158400    728796.825578 
10.166200    729234.156070 
10.166200    729552.231854 
10.166200    729785.153677 
10.174200    730251.320727 
10.174200    730589.130441 
10.182300    731024.954322 
10.182300    731341.750327 
10.190800    731776.959654 
10.190800    732093.231605 
10.198000    732527.827737 
10.198000    732843.576857 
10.205800    733277.561150 
10.205800    733592.788657 
10.213800    734026.162463 
10.213800    734340.869572 
10.222000    734773.634238 
10.222000    735087.822159 
10.229200    735519.979029 
10.229200    735833.648969 
10.236600    736265.199384 
10.236600    736598.709838 
10.244000    737029.647471 
10.244000    737342.277400 
10.252700    737802.096025 
10.252700    738134.527179 
10.259900    738564.239871 
10.259900    738875.823552 
10.267300    739304.935147 
10.267300    739636.303026 
10.274400    740064.807228 
10.274400    740395.641495 
10.282300    740852.935968 
10.282300    741183.226834 
10.290100    741610.509252 
10.290100    741940.268973 
10.297900    742366.948019 
10.297900    742675.942424 
10.297900    742900.904661 
10.305500    743356.065130 
10.305500    743684.555934 
10.313900    744109.785921 
10.313900    744437.749753 
10.321600    744862.380914 
10.321600    745189.818983 
10.329000    745643.106364 
10.329000    745970.008959 
10.338900    746393.435503 
10.338900    746699.662326 
10.347000    747122.501498 
10.347000    747428.228685 
10.354800    747850.481765 
10.354800    748175.832894 
10.363400    748597.493670 
10.363400    748922.325010 
10.371100    749343.394777 
10.371100    749667.707513 
10.378900    750088.187562 
10.378900    750411.982875 
10.386800    750831.874492 
10.386800    751135.090865 
10.394900    751554.402775 
10.394900    751857.126393 
10.402100    752275.859853 
10.402100    752578.091842 
10.410300    752996.248104 
10.410300    753297.989590 
10.417800    753744.585449 
10.417800    754065.830132 
10.425400    754482.817621 
10.425400    754803.551872 
10.433100    755219.958541 
10.433100    755520.209757 
10.440800    755936.044244 
10.440800    756255.768468 
10.448400    756699.954531 
10.448400    757019.161101 
10.456000    757433.829552 
10.456000    757732.600717 
10.463300    758175.587968 
10.463300    758493.780740 
10.470600    758936.161528 
10.470600    759253.840145 
10.470600    759483.522107 
10.478000    759925.050786 
10.478000    760242.015460 
10.485000    760654.127913 
10.485000    760950.728160 
10.492500    761362.277654 
10.492500    761678.249272 
10.500400    762089.229731 
10.500400    762384.868312 
10.508600    762824.037777 
10.508600    763139.010258 
10.516200    763548.853054 
10.516200    763863.329285 
10.523700    764272.606719 
10.523700    764566.796833 
10.531500    764975.517362 
10.531500    765269.235168 
10.538900    765677.399981 
10.538900    765970.646546 
10.546700    766378.256832 
10.546700    766671.033217 
10.554000    767078.090160 
10.554000    767370.397427 
10.561400    767776.902207 
10.561400    768068.741411 
10.569000    768474.695206 
10.569000    768766.067401 
10.576900    769171.471384 
10.576900    769482.067704 
10.584000    769915.456103 
10.584000    770225.555633 
10.592100    770658.358268 
10.592100    770967.962126 
10.599600    771371.681514 
10.599600    771661.154014 
10.607300    771829.952591 
10.623500    771605.025575 
10.631100    771383.027381 
10.638700    771158.425757 
10.646200    770936.750594 
10.654000    770715.236181 
10.661700    770493.882344 
10.670000    770272.688908 
10.677500    770048.896175 
10.685500    769825.265493 
10.693400    769601.796686 
10.701500    769378.489579 
10.709100    769158.099528 
10.716800    768935.114298 
10.724600    768712.290242 
10.732300    768492.379733 
10.739800    768269.876509 
10.747400    768047.533937 
10.755100    767828.101410 
10.763000    767606.078628 
10.770800    767384.215979 
10.778400    767162.513289 
10.786000    766943.715987 
10.794300    766722.331706 
10.801600    766501.106866 
10.809500    766280.041296 
10.817200    766061.876474 
10.825700    765843.868604 
10.833300    765626.017519 
10.841000    765405.584354 
10.848600    765188.047313 
10.855700    764970.666549 
10.863500    764753.441893 
10.870900    764536.373177 
10.878300    764316.726453 
10.886200    764097.237295 
10.893600    763880.637353 
10.901400    763664.192680 
10.909700    763447.903109 
10.917300    763231.768473 
10.925800    763015.788606 
10.933300    762799.963342 
10.940900    762581.566558 
10.948600    762366.050976 
10.951100    762150.689499 
