1.000000    109535.452323 
1.004090    71158.585105 
1.012280    119469.708078 
1.020480    128405.170635 
1.028670    126943.138119 
1.036860    122327.963390 
1.045050    116866.918960 
1.053240    111378.864568 
1.061440    106162.271861 
1.069630    101314.390367 
1.077820    96850.367292 
1.086010    92753.713265 
1.094200    88995.046905 
1.102400    85541.994342 
1.110590    82363.108127 
1.118780    79429.262197 
1.126970    76714.699685 
1.135160    74196.418743 
1.143360    71854.185035 
1.151550    69670.243112 
1.159740    67628.941006 
1.167930    65716.688915 
1.176120    63921.448463 
1.184320    62232.602493 
1.192510    60640.762342 
1.200700    59137.562747 
1.208890    57715.644920 
1.217080    56368.404398 
1.225280    55089.934229 
1.233470    53874.936641 
1.241660    52718.624155 
1.249850    51616.727220 
1.258040    50565.362522 
1.266240    49561.011320 
1.274430    48600.477746 
1.282620    47680.837848 
1.290810    46799.454040 
1.299000    45953.900000 
1.307200    45141.953235 
1.315390    44361.574044 
1.323580    43610.877047 
1.331770    42888.145747 
1.339960    42191.786234 
1.348160    41520.325462 
1.356350    40872.399923 
1.364540    40246.738538 
1.372730    39642.175405 
1.380920    39057.619404 
1.389120    38492.054719 
1.397310    37944.534393 
1.405500    37414.169383 
1.413690    36900.139214 
1.421880    36401.670987 
1.430080    35918.040712 
1.438270    35448.569465 
1.446460    34992.616011 
1.454650    34549.585577 
1.462840    34118.914741 
1.471040    33700.072989 
1.479230    33292.560328 
1.487420    32895.902083 
1.495610    32509.656119 
1.503800    32133.398860 
1.512000    31766.737772 
1.520190    31409.293333 
1.528380    31060.706276 
1.536570    30720.640771 
1.544760    30388.773651 
1.552960    30064.804517 
1.561150    29748.441621 
1.569340    29439.407778 
1.577530    29137.443100 
1.585720    28842.296510 
1.593920    28553.734021 
1.602110    28271.527474 
1.610300    27995.459400 
1.618490    27725.325375 
1.626680    27460.927207 
1.634880    27202.079798 
1.643070    26948.602001 
1.651260    26700.320668 
1.659450    26457.072678 
1.667640    26218.699378 
1.675840    25985.052325 
1.684030    25755.985763 
1.692220    25531.360027 
1.700410    25311.043280 
1.708600    25094.906930 
1.716800    24882.830473 
1.724990    24674.695228 
1.733180    24470.387215 
1.741370    24269.798665 
1.749560    24072.824184 
1.757760    23879.364876 
1.765950    23689.323068 
1.774140    23502.604767 
1.782330    23319.120974 
1.790520    23138.784435 
1.798720    22961.513190 
1.806910    22787.226077 
1.815100    22615.844853 
1.823290    22447.295335 
1.831480    22281.504634 
1.839680    22118.404216 
1.847870    21957.926052 
1.856060    21800.004449 
1.864250    21644.577053 
1.872440    21491.582471 
1.880640    21340.962933 
1.888830    21192.660963 
1.897020    21046.620973 
1.905210    20902.790153 
1.913400    20761.116401 
1.921600    20621.550660 
1.929790    20484.044017 
1.937980    20348.549099 
1.946170    20215.020863 
1.954360    20083.414789 
1.962560    19953.688936 
1.970750    19825.801398 
1.978940    19699.711542 
1.987130    19575.380701 
1.995320    19452.770591 
2.003520    19331.845131 
2.011710    19212.567853 
2.019900    19094.904388 
2.028090    18978.820996 
2.036290    18864.284889 
2.044480    18751.264196 
2.052670    18639.727625 
2.060860    18529.645365 
2.069050    18420.988113 
2.077250    18313.727363 
2.085440    18207.835378 
2.093630    18103.284890 
2.101820    18000.049908 
2.110010    17898.104853 
2.118210    17797.424817 
2.126400    17697.985541 
2.134590    17599.763148 
2.142780    17502.734868 
2.150970    17406.878267 
2.159170    17312.171480 
2.167360    17218.593191 
2.175550    17126.122397 
2.183740    17034.739062 
2.191930    16944.423423 
2.200130    16855.156200 
2.208320    16766.918585 
2.216510    16679.692025 
2.224700    16593.458815 
2.232890    16508.201471 
2.241090    16423.902927 
2.249280    16340.546520 
2.257470    16258.115794 
2.265660    16176.595043 
2.273850    16095.968742 
2.282050    16016.221725 
2.290240    15937.339171 
2.298430    15859.306435 
2.306620    15782.109530 
2.314810    15705.734621 
2.323010    15630.168181 
2.331200    15555.396985 
2.339390    15481.407947 
2.347580    15408.188574 
2.355770    15335.726492 
2.363970    15264.009596 
2.372160    15193.026044 
2.380350    15122.764108 
2.388540    15053.212590 
2.396730    14984.360388 
2.404930    14916.196635 
2.413120    14848.710695 
2.421310    14781.892024 
2.429500    14715.730553 
2.437690    14650.216292 
2.445890    14585.339456 
2.454080    14521.090463 
2.462270    14457.459806 
2.470460    14394.438405 
2.478650    14332.017244 
2.486850    14270.187490 
2.495040    14208.940483 
2.503230    14148.267629 
2.511420    14088.160717 
2.519610    14028.611486 
2.527810    13969.612144 
2.536000    13911.154744 
2.544190    13853.231495 
2.552380    13795.834953 
2.560570    13738.957620 
2.568770    13682.592429 
2.576960    13626.732160 
2.585150    13571.369733 
2.593340    13516.498382 
2.601530    13462.111287 
2.609730    13408.202021 
2.617920    13354.764009 
2.626110    13301.790802 
2.634300    13249.276236 
2.642490    13197.214095 
2.650690    13145.598517 
2.658880    13094.423503 
2.667070    13043.683165 
2.675260    12993.371877 
2.683450    12943.483955 
2.691650    12894.014047 
2.699840    12844.956665 
2.708030    12796.306422 
2.716220    12748.058170 
2.724410    12700.206704 
2.732610    12652.747125 
2.740800    12605.674404 
2.748990    12558.983600 
2.757180    12512.669994 
2.765370    12466.728812 
2.773570    12421.155557 
2.781760    12375.945612 
2.789950    12331.094439 
2.798140    12286.597702 
2.806330    12242.451012 
2.814530    12198.650238 
2.822720    12155.191130 
2.830910    12112.069512 
2.839100    12069.281394 
2.847290    12026.822733 
2.855490    11984.689726 
2.863680    11942.878455 
2.871870    11901.385071 
2.880060    11860.205895 
2.888250    11819.337197 
2.896450    11778.775467 
2.904640    11738.517092 
2.912830    11698.558513 
2.921020    11658.896333 
2.929210    11619.527107 
2.937410    11580.447591 
2.945600    11541.654442 
2.953790    11503.144370 
2.961980    11464.914232 
2.970170    11426.960838 
2.978370    11389.281187 
2.986560    11351.872183 
2.994750    11314.730776 
3.002940    11277.854055 
3.011140    11241.239108 
3.019330    11204.883062 
3.027520    11168.783048 
3.035710    11132.936322 
3.043900    11097.340141 
3.052100    11061.991798 
3.060290    11026.888630 
3.068480    10992.027967 
3.076670    10957.407263 
3.084860    10923.023968 
3.093060    10888.875566 
3.101250    10854.959578 
3.109440    10821.273523 
3.117630    10787.815032 
3.125820    10754.581730 
3.134020    10721.571277 
3.142210    10688.781363 
3.150400    10656.209678 
3.158590    10623.854014 
3.166780    10591.712158 
3.174980    10559.781928 
3.183170    10528.061173 
3.191360    10496.547735 
3.199550    10465.239557 
3.207740    10434.134572 
3.215940    10403.230745 
3.224130    10372.526066 
3.232320    10342.018521 
3.240510    10311.706188 
3.248700    10281.587137 
3.256900    10251.659466 
3.265090    10221.921296 
3.273280    10192.370742 
3.281470    10163.006009 
3.289660    10133.825292 
3.297860    10104.826809 
3.306050    10076.008803 
3.314240    10047.369511 
3.322430    10018.907249 
3.330620    9990.620329 
3.338820    9962.507082 
3.347010    9934.565861 
3.355200    9906.795014 
3.363390    9879.192963 
3.371580    9851.758124 
3.379780    9824.488934 
3.387970    9797.383847 
3.396160    9770.441313 
3.404350    9743.659852 
3.412540    9717.037977 
3.420740    9690.574220 
3.428930    9664.267131 
3.437120    9638.115253 
3.445310    9612.117196 
3.453500    9586.271564 
3.461700    9560.576977 
3.469890    9535.032071 
3.478080    9509.635477 
3.486270    9484.385889 
3.494460    9459.281993 
3.502660    9434.322491 
3.510850    9409.506100 
3.519040    9384.831531 
3.527230    9360.297555 
3.535420    9335.902914 
3.543620    9311.646429 
3.551810    9287.526870 
3.560000    9263.543023 
3.568190    9239.693731 
3.576380    9215.977805 
3.584580    9192.394138 
3.592770    9168.941570 
3.600960    9145.618954 
3.609150    9122.425200 
3.617340    9099.359187 
3.625540    9076.419872 
3.633730    9053.606158 
3.641920    9030.916964 
3.650110    9008.351262 
3.658300    8985.907993 
3.666500    8963.586171 
3.674690    8941.384762 
3.682880    8919.302745 
3.691070    8897.339147 
3.699260    8875.492969 
3.707460    8853.763279 
3.715650    8832.149101 
3.723840    8810.649467 
3.732030    8789.263459 
3.740220    8767.990132 
3.748420    8746.828605 
3.756610    8725.777953 
3.764800    8704.837263 
3.772990    8684.005665 
3.781180    8663.282264 
3.789380    8642.666227 
3.797570    8622.156679 
3.805760    8601.752754 
3.813950    8581.453629 
3.822140    8561.258456 
3.830340    8541.166447 
3.838530    8521.176771 
3.846720    8501.288609 
3.854910    8481.501180 
3.863100    8461.813682 
3.871300    8442.225366 
3.879490    8422.735446 
3.887680    8403.343144 
3.895870    8384.047720 
3.904060    8364.848412 
3.912260    8345.744511 
3.920450    8326.735271 
3.928640    8307.819952 
3.936830    8288.997854 
3.945020    8270.268253 
3.953220    8251.630475 
3.961410    8233.083812 
3.969600    8214.627563 
3.977790    8196.261061 
3.985980    8177.983618 
3.994180    8159.794597 
4.002370    8141.693308 
4.010560    8123.679113 
4.018750    8105.751365 
4.026950    8087.909424 
4.035140    8070.152656 
4.043330    8052.480420 
4.051520    8034.892109 
4.059710    8017.387107 
4.067910    7999.964805 
4.076100    7982.624601 
4.084290    7965.365884 
4.092480    7948.188077 
4.100670    7931.090594 
4.108870    7914.072855 
4.117060    7897.134287 
4.125250    7880.274309 
4.133440    7863.492370 
4.141630    7846.787913 
4.149830    7830.160385 
4.158020    7813.609241 
4.166210    7797.133927 
4.174400    7780.733919 
4.182590    7764.408685 
4.190790    7748.157699 
4.198980    7731.980440 
4.207170    7715.876382 
4.215360    7699.845023 
4.223550    7683.885858 
4.231750    7667.998385 
4.239940    7652.182106 
4.248130    7636.436520 
4.256320    7620.761149 
4.264510    7605.155510 
4.272710    7589.619124 
4.280900    7574.151517 
4.289090    7558.752209 
4.297280    7543.420746 
4.305470    7528.156664 
4.313670    7512.959509 
4.321860    7497.828827 
4.330050    7482.764160 
4.338240    7467.765072 
4.346430    7452.831124 
4.354630    7437.961879 
4.362820    7423.156905 
4.371010    7408.415763 
4.379200    7393.738038 
4.387390    7379.123310 
4.395590    7364.571161 
4.403780    7350.081178 
4.411970    7335.652941 
4.420160    7321.286055 
4.428350    7306.980117 
4.436550    7292.734727 
4.444740    7278.549491 
4.452930    7264.424007 
4.461120    7250.357896 
4.469310    7236.350774 
4.477510    7222.402258 
4.485700    7208.511970 
4.493890    7194.679527 
4.502080    7180.904566 
4.510270    7167.186709 
4.518470    7153.525609 
4.526660    7139.920894 
4.534850    7126.372197 
4.543040    7112.879172 
4.551230    7099.441456 
4.559430    7086.058716 
4.567620    7072.730597 
4.575810    7059.456748 
4.584000    7046.236835 
4.592190    7033.070512 
4.600390    7019.957460 
4.608580    7006.897340 
4.616770    6993.889812 
4.624960    6980.934559 
4.633150    6968.031248 
4.641350    6955.179574 
4.649540    6942.379211 
4.657730    6929.629834 
4.665920    6916.931139 
4.674110    6904.282806 
4.682310    6891.684542 
4.690500    6879.136036 
4.698690    6866.636975 
4.706880    6854.187067 
4.715070    6841.786006 
4.723270    6829.433512 
4.731460    6817.129283 
4.739650    6804.873022 
4.747840    6792.664448 
4.756030    6780.503266 
4.764230    6768.389208 
4.772420    6756.321984 
4.780610    6744.301310 
4.788800    6732.326913 
4.796990    6720.398514 
4.805190    6708.515852 
4.813380    6696.678651 
4.821570    6684.886636 
4.829760    6673.139547 
4.837950    6661.437115 
4.846150    6649.779089 
4.854340    6638.165204 
4.862530    6626.595195 
4.870720    6615.068814 
4.878910    6603.585800 
4.887110    6592.145914 
4.895300    6580.748900 
4.903490    6569.394504 
4.911680    6558.082487 
4.919870    6546.812598 
4.928070    6535.584607 
4.936260    6524.398270 
4.944450    6513.253340 
4.952640    6502.149587 
4.960830    6491.086772 
4.969030    6480.064673 
4.977220    6469.083054 
4.985410    6458.141678 
4.993600    6447.240325 
5.001790    6436.378762 
5.009990    6425.556778 
5.018180    6414.774139 
5.026370    6404.030630 
5.034560    6393.326031 
5.042760    6382.660125 
5.050950    6372.032698 
5.059140    6361.443528 
5.067330    6350.892410 
5.075520    6340.379132 
5.083720    6329.903485 
5.091910    6319.465262 
5.100100    6309.064251 
5.108290    6298.700252 
5.116480    6288.373063 
5.124680    6278.082482 
5.132870    6267.828309 
5.141060    6257.610340 
5.149250    6247.428383 
5.157440    6237.282242 
5.165640    6227.171724 
5.173830    6217.096635 
5.182020    6207.056779 
5.190210    6197.051971 
5.198400    6187.082022 
5.206600    6177.146745 
5.214790    6167.245954 
5.222980    6157.379460 
5.231170    6147.547084 
5.239360    6137.748644 
5.247560    6127.983960 
5.255750    6118.252853 
5.263940    6108.555139 
5.272130    6098.890647 
5.280320    6089.259201 
5.288520    6079.660628 
5.296710    6070.094753 
5.304900    6060.561401 
5.313090    6051.060406 
5.321280    6041.591598 
5.329480    6032.154810 
5.337670    6022.749875 
5.345860    6013.376621 
5.354050    6004.034890 
5.362240    5994.724517 
5.370440    5985.445341 
5.378630    5976.197199 
5.386820    5966.979929 
5.395010    5957.793375 
5.403200    5948.637380 
5.411400    5939.511786 
5.419590    5930.416438 
5.427780    5921.351178 
5.435970    5912.315856 
5.444160    5903.310320 
5.452360    5894.334418 
5.460550    5885.388000 
5.468740    5876.470913 
5.476930    5867.583012 
5.485120    5858.724150 
5.493320    5849.894181 
5.501510    5841.096837 
5.509700    5832.333828 
5.517890    9138.507440 
5.526080    12432.745408 
5.534280    15728.601097 
5.542470    19012.601191 
5.550660    22284.809543 
5.558850    25531.873220 
5.567040    28767.319496 
5.575240    32004.579020 
5.583430    35230.297512 
5.591620    38444.536579 
5.599810    41634.060211 
5.608000    44812.273476 
5.616200    47992.486537 
5.624390    51161.462096 
5.632580    54319.259611 
5.640770    57452.757995 
5.648960    60575.242324 
5.657160    63699.904448 
5.665350    66813.622046 
5.673540    69916.452520 
5.681730    72995.387754 
5.689920    76063.594990 
5.698120    79134.149874 
5.706310    82194.043109 
5.714500    85243.330128 
5.722690    88269.113884 
5.730880    91284.445884 
5.739080    94302.287620 
5.747270    97309.740917 
5.755460    100306.859323 
5.763650    103280.855004 
5.771840    106244.665768 
5.780040    109211.140960 
5.788230    112167.491663 
5.796420    115113.769622 
5.804610    118037.294404 
5.812800    120950.892107 
5.821000    123867.301871 
5.829190    126773.842228 
5.837380    129670.563193 
5.845570    132544.889969 
5.853760    135409.538877 
5.861960    138277.140750 
5.870150    141135.119797 
5.878340    143983.524375 
5.886530    146809.883601 
5.894720    149626.805902 
5.902920    152446.815647 
5.911110    155257.441000 
5.919300    158058.728728 
5.927490    160838.310175 
5.935680    163608.687710 
5.943880    166382.281042 
5.952070    169146.720599 
5.960260    171902.051625 
5.968450    174636.006049 
5.976640    177360.981969 
5.984840    180089.296184 
5.993030    182808.679747 
6.001220    185519.176435 
6.009410    188208.617161 
6.017610    190901.490184 
6.025800    193585.605896 
6.033990    196261.006947 
6.042180    198915.602302 
6.050370    201561.606735 
6.058570    204211.156082 
6.066760    206852.158497 
6.074950    209484.655268 
6.083140    212096.651548 
6.091330    214700.262607 
6.099530    217307.526053 
6.107720    219906.446256 
6.115910    222497.063200 
6.124100    225067.476722 
6.132290    227629.704214 
6.140490    230195.686644 
6.148680    232753.523099 
6.156870    235303.252306 
6.165060    237833.067321 
6.173250    240354.889239 
6.181450    242880.563945 
6.189640    245398.283771 
6.197830    247908.086238 
6.206020    250398.256184 
6.214210    252880.619954 
6.222410    255366.929865 
6.230600    257845.470057 
6.238790    260316.276895 
6.246980    262767.725594 
6.255170    265211.549257 
6.263370    267659.408114 
6.271560    270099.676711 
6.279750    272532.390297 
6.287940    274946.013096 
6.296130    277352.186442 
6.304330    279762.479919 
6.312520    282165.357109 
6.320710    284560.852187 
6.328900    286937.517048 
6.337090    289306.902690 
6.345290    291680.489465 
6.353480    294046.828646 
6.361670    296405.953378 
6.369860    298746.501914 
6.378050    301079.936320 
6.386250    303417.649092 
6.394440    305748.277886 
6.402630    308071.854853 
6.410820    310377.103323 
6.419010    312675.397799 
6.427210    314978.044268 
6.435400    317273.765484 
6.443590    319562.592643 
6.451780    321833.332896 
6.459970    324097.274526 
6.468170    326365.638320 
6.476360    328627.230879 
6.484550    330882.082477 
6.492740    333119.082863 
6.500930    335349.435401 
6.509130    337584.276971 
6.517320    339812.496787 
6.525510    342034.124237 
6.533700    344238.130467 
6.541890    346435.635203 
6.550090    348637.692666 
6.558280    350833.273490 
6.566470    353022.406206 
6.574660    355194.142182 
6.582850    357359.518755 
6.591050    359529.508717 
6.599240    361693.162942 
6.607430    363850.509138 
6.615620    365990.677744 
6.623810    368124.624930 
6.632010    370263.243258 
6.640200    372395.662692 
6.648390    374521.910146 
6.656580    376631.194006 
6.664770    378734.390467 
6.672970    380842.313036 
6.681160    382944.169640 
6.689350    385039.986426 
6.697540    387119.048629 
6.705730    389192.153633 
6.713930    391270.037037 
6.722120    393341.983631 
6.730310    395408.018823 
6.738500    397457.503613 
6.746690    399501.157721 
6.754890    401549.639959 
6.763080    403592.310899 
6.771270    405629.195237 
6.779460    407649.728682 
6.787650    409664.554407 
6.795850    411684.255533 
6.804040    413698.267361 
6.812230    415706.613895 
6.820420    417698.804523 
6.828610    419685.406959 
6.836810    421676.929713 
6.845000    423662.881774 
6.853190    425643.286482 
6.861380    427607.725889 
6.869570    429566.693321 
6.877770    431530.623724 
6.885960    433489.098764 
6.894150    435442.141142 
6.902340    437379.404577 
6.910530    439311.309054 
6.918730    441248.216988 
6.926920    443179.781727 
6.935110    445106.025352 
6.943300    447016.672279 
6.951490    448922.070176 
6.959690    450832.509933 
6.967880    452737.715609 
6.976070    454637.708683 
6.984260    456522.283318 
6.992450    458401.715867 
7.000650    460286.226681 
7.008840    462165.609574 
7.017030    464029.713829 
7.025220    465888.759457 
7.033420    467752.911074 
7.041610    469612.017626 
7.049800    471466.099566 
7.057990    473305.074251 
7.066180    475139.092132 
7.074380    476978.249010 
7.082570    478812.461919 
7.090760    480641.750766 
7.098950    482456.100084 
7.107140    484265.591705 
7.115340    486080.253552 
7.123530    487890.069840 
7.131720    489695.059951 
7.139910    491485.274706 
7.148100    493270.728253 
7.156300    495061.381539 
7.164490    496847.285082 
7.172680    498628.457755 
7.180870    500395.015802 
7.189060    502156.906589 
7.197260    503924.024988 
7.205450    505686.486949 
7.213640    507444.310852 
7.221830    509187.677515 
7.230020    510926.468412 
7.238220    512670.513215 
7.246410    514409.992456 
7.254600    516144.924038 
7.262790    517865.552521 
7.270980    519581.694358 
7.279180    521303.114877 
7.287370    523020.058359 
7.295560    524732.542249 
7.303750    526430.874025 
7.311940    528124.805977 
7.320140    529824.039932 
7.328330    531518.883101 
7.336520    533209.352482 
7.344710    534885.817674 
7.352900    536557.967640 
7.361100    538235.441529 
7.369290    539908.608681 
7.377480    541577.485661 
7.385670    543232.503402 
7.393860    544883.288361 
7.402060    546539.417818 
7.410250    548191.322455 
7.418440    549839.018418 
7.426630    551472.997200 
7.434820    553102.823559 
7.443020    554738.013698 
7.451210    556369.058868 
7.459400    557995.974810 
7.467590    559609.312821 
7.475780    561218.576746 
7.483980    562833.222492 
7.492170    564443.801120 
7.500360    566050.327977 
7.508550    567643.413421 
7.516740    569232.501160 
7.524940    570826.987566 
7.533130    572417.482767 
7.541320    574004.001730 
7.549510    575577.213141 
7.557700    577146.501330 
7.565900    578721.203886 
7.574090    580291.989270 
7.582280    581858.872082 
7.590470    583412.578620 
7.598660    584962.434584 
7.606860    586517.719508 
7.615050    588069.159475 
7.623240    589616.768726 
7.631430    591151.330468 
7.639620    592682.112502 
7.647820    594218.337029 
7.656010    595750.787048 
7.664200    597279.476455 
7.672390    598795.244671 
7.680580    600307.302317 
7.688780    601824.814971 
7.696970    603338.621855 
7.705160    604848.736527 
7.713350    606346.053951 
7.721540    607839.728267 
7.729740    609338.869123 
7.737930    610834.371288 
7.746120    612326.247994 
7.754310    613805.449075 
7.762500    615281.072887 
7.770700    616762.173829 
7.778890    618239.701548 
7.787080    619713.668960 
7.795270    621175.080118 
7.803460    622632.978269 
7.811660    624096.363233 
7.819850    625556.238880 
7.828040    627012.617819 
7.836230    628456.557680 
7.844420    629897.047266 
7.852620    631343.032476 
7.860810    632785.570760 
7.869000    634224.674430 
7.877190    635651.454058 
7.885380    637074.844660 
7.893580    638503.738858 
7.901770    639929.247050 
7.909960    641351.381258 
7.918150    642761.304379 
7.926340    644167.898283 
7.934540    645580.002947 
7.942730    646988.781098 
7.950920    648394.244477 
7.959110    649787.607693 
7.967300    651177.700103 
7.975500    652573.309661 
7.983690    653965.650813 
7.991880    655354.735026 
8.000070    656731.828024 
8.008270    658114.442756 
8.016460    659493.834609 
8.024650    660870.014840 
8.032840    662234.289639 
8.041030    663595.395390 
8.049230    664962.027940 
8.057420    666325.493322 
8.065610    667685.802535 
8.073800    669034.311828 
8.081990    670379.706782 
8.090190    671730.632902 
8.098380    673078.446289 
8.106570    674423.157690 
8.114760    675756.172843 
8.122950    677086.127113 
8.131150    678421.616248 
8.139340    679754.045843 
8.147530    681083.426401 
8.155720    682401.212589 
8.163910    683715.990134 
8.172110    685036.305599 
8.180300    686353.613512 
8.188490    687667.924137 
8.196680    688970.740520 
8.204870    690270.599318 
8.213070    691575.998472 
8.221260    692878.440890 
8.229450    694177.936605 
8.237640    695466.036497 
8.245830    696751.228715 
8.254030    698041.963128 
8.262220    699329.790481 
8.270410    700614.720586 
8.278600    701888.351620 
8.286790    703159.123775 
8.294990    704435.439391 
8.303180    705708.896517 
8.311370    706979.504746 
8.319560    708238.909033 
8.327750    709495.502149 
8.335950    710757.639441 
8.344140    712016.965737 
8.352330    713273.490417 
8.360520    714518.904696 
8.368710    715761.554459 
8.376910    717009.748582 
8.385100    718255.178155 
8.393290    719497.852353 
8.401480    720729.508142 
8.409670    721958.445044 
8.417870    723192.925979 
8.426060    724424.687793 
8.434250    725653.739460 
8.442440    726871.863198 
8.450630    728087.312681 
8.458830    729308.305378 
8.467020    730526.623393 
8.475210    731742.275505 
8.483400    732947.088691 
8.491590    734149.271282 
8.499790    735356.995798 
8.507980    736562.089107 
8.516170    737764.559797 
8.524360    738956.279125 
8.532550    740145.410571 
8.540750    741340.082201 
8.548940    742532.165160 
8.557130    743721.667852 
8.565320    744900.505337 
8.573510    746076.796737 
8.581710    747258.626140 
8.589900    748437.908496 
8.598090    749614.652032 
8.606280    750780.815139 
8.614470    751944.473062 
8.622670    753113.666388 
8.630860    754280.353405 
8.639050    755444.542162 
8.647240    756598.233926 
8.655430    757749.460537 
8.663630    758906.219547 
8.671820    760060.512120 
8.680010    761212.346136 
8.688200    762353.765280 
8.696390    763492.758453 
8.704590    764637.280635 
8.712780    765779.375409 
8.720970    766919.050491 
8.729160    768048.391540 
8.737350    769175.344975 
8.745550    770307.823653 
8.753740    771437.913136 
8.761930    772565.620976 
8.770120    773683.074366 
8.778310    774798.177696 
8.786510    775918.802145 
8.794700    777037.074811 
8.802890    778153.003090 
8.811080    779258.755277 
8.819270    780362.194175 
8.827470    781471.149722 
8.835660    782577.790122 
8.843850    783682.122617 
8.852040    784776.356179 
8.860230    785868.312459 
8.868430    786965.780589 
8.876620    788060.969449 
8.884810    789153.886133 
8.893000    790236.779869 
8.901190    791317.431589 
8.909390    792403.590040 
8.917580    793487.504361 
8.925770    794569.181501 
8.933960    795640.910532 
8.942150    796710.432088 
8.950350    797785.454949 
8.958540    798858.268102 
8.966730    799928.878354 
8.974920    800989.614213 
8.983110    802048.176434 
8.991310    803112.234240 
8.999500    804174.116059 
9.007690    805226.181662 
9.015880    806276.100192 
9.024080    807331.509522 
9.032270    808384.769343 
9.040460    809435.886213 
9.048650    810477.258627 
9.056840    811516.516579 
9.065040    812561.259111 
9.073230    813603.884637 
9.081420    814644.399585 
9.089610    815675.240780 
9.097800    816703.999467 
9.106000    817738.236252 
9.114190    818770.387882 
9.122380    819800.460656 
9.130570    820820.929349 
9.138760    821839.346849 
9.146960    822863.235711 
9.155150    823885.070633 
9.163340    824904.857790 
9.171530    825915.109525 
9.179720    826923.340757 
9.187920    827937.036374 
9.196110    828948.708646 
9.204300    829958.363625 
9.212490    830958.550854 
9.220680    831956.747661 
9.228880    832960.401642 
9.237070    833962.062269 
9.245260    834961.735474 
9.253450    835952.007631 
9.261640    836940.318853 
9.269840    837934.079816 
9.278030    838925.876825 
9.286220    839915.715696 
9.294410    840896.219272 
9.302600    841874.790821 
9.310800    842858.804465 
9.318990    843840.882979 
9.327180    844821.032065 
9.335370    845791.910681 
9.343560    846760.885613 
9.351760    847735.294788 
9.359950    848707.797095 
9.368140    849678.398128 
9.376330    850639.792604 
9.384520    851599.311188 
9.392720    852564.255965 
9.400910    853527.321591 
9.409100    854488.513547 
9.417290    855440.561971 
9.425480    856390.761757 
9.433680    857346.379498 
9.441870    858300.145267 
9.450060    859252.064442 
9.458250    860194.902234 
9.466440    861135.918118 
9.474640    862082.343537 
9.482830    863026.943643 
9.491020    863969.723710 
9.499210    864903.483688 
9.507400    865835.447975 
9.515600    866772.813205 
9.523790    867708.379271 
9.531980    868642.151345 
9.540170    869566.963788 
9.548360    870490.006254 
9.556560    871418.440907 
9.564750    872345.102046 
9.572940    873269.994747 
9.581130    874185.987451 
9.589320    875100.235408 
9.597520    876019.866633 
9.605710    876937.749510 
9.613900    877853.889019 
9.622090    878761.187361 
9.630280    879666.765706 
9.638480    880577.718251 
9.646670    881486.947139 
9.654860    882394.457258 
9.663050    883293.184250 
9.671240    884190.215530 
9.679440    885092.611796 
9.687630    885993.308633 
9.695820    886892.310839 
9.704010    887782.587183 
9.712200    888671.191647 
9.720400    889565.151742 
9.728590    890457.436186 
9.736780    891348.049685 
9.744970    892229.993831 
9.753160    893110.289483 
9.761360    893995.931279 
9.769550    894879.920758 
9.777740    895762.262540 
9.785930    896635.990733 
9.794120    897508.093385 
9.802320    898385.532567 
9.810510    899261.342335 
9.818700    900135.527224 
9.826890    901001.153558 
9.835080    901865.176880 
9.843280    902734.526997 
9.851470    903602.270182 
9.859660    904468.410886 
9.867850    905326.047354 
9.876040    906182.102924 
9.884240    907043.475438 
9.892430    907903.263090 
9.900620    908761.470250 
9.908810    909611.226789 
9.917000    910459.424142 
9.925200    911312.928477 
9.933390    912164.869616 
9.941580    913015.251852 
9.949770    913857.236394 
9.957960    914697.683066 
9.966160    915543.426652 
9.974350    916387.628316 
9.982540    917230.292273 
9.990730    918064.610789 
9.998920    918883.965542 
10.000000    918238.294365 
10.002000    917584.807019 
