1.000000	 0.004090
1.004090	 0.008390
1.012280	 0.012553
1.020480	 0.016682
1.028670	 0.020798
1.036860	 0.024908
1.045050	 0.029014
1.053240	 0.033118
1.061440	 0.037219
1.069630	 0.041319
1.077820	 0.045419
1.086010	 0.049518
1.094200	 0.053617
1.102400	 0.057715
1.110590	 0.061813
1.118780	 0.065911
1.126970	 0.070008
1.135160	 0.074106
1.143360	 0.078203
1.151550	 0.082299
1.159740	 0.086397
1.167930	 0.090494
1.176120	 0.094590
1.184320	 0.098687
1.192510	 0.102784
1.200700	 0.106880
1.208890	 0.110977
1.217080	 0.115074
1.225280	 0.119170
1.233470	 0.123266
1.241660	 0.127363
1.249850	 0.131459
1.258040	 0.135556
1.266240	 0.139652
1.274430	 0.143748
1.282620	 0.147845
1.290810	 0.151941
1.299000	 0.156037
1.307200	 0.160134
1.315390	 0.164230
1.323580	 0.168326
1.331770	 0.172422
1.339960	 0.176519
1.348160	 0.180615
1.356350	 0.184711
1.364540	 0.188807
1.372730	 0.192903
1.380920	 0.197000
1.389120	 0.201096
1.397310	 0.205192
1.405500	 0.209288
1.413690	 0.213384
1.421880	 0.217480
1.430080	 0.221576
1.438270	 0.225673
1.446460	 0.229769
1.454650	 0.233865
1.462840	 0.237961
1.471040	 0.242057
1.479230	 0.246153
1.487420	 0.250249
1.495610	 0.254345
1.503800	 0.258442
1.512000	 0.262538
1.520190	 0.266634
1.528380	 0.270730
1.536570	 0.274826
1.544760	 0.278922
1.552960	 0.283018
1.561150	 0.287114
1.569340	 0.291211
1.577530	 0.295307
1.585720	 0.299403
1.593920	 0.303499
1.602110	 0.307595
1.610300	 0.311691
1.618490	 0.315787
1.626680	 0.319883
1.634880	 0.323979
1.643070	 0.328075
1.651260	 0.332171
1.659450	 0.336268
1.667640	 0.340364
1.675840	 0.344460
1.684030	 0.348556
1.692220	 0.352652
1.700410	 0.356748
1.708600	 0.360844
1.716800	 0.364940
1.724990	 0.369036
1.733180	 0.373132
1.741370	 0.377228
1.749560	 0.381324
1.757760	 0.385420
1.765950	 0.389516
1.774140	 0.393612
1.782330	 0.397709
1.790520	 0.401805
1.798720	 0.405901
1.806910	 0.409997
1.815100	 0.414093
1.823290	 0.418189
1.831480	 0.422285
1.839680	 0.426381
1.847870	 0.430477
1.856060	 0.434573
1.864250	 0.438669
1.872440	 0.442765
1.880640	 0.446861
1.888830	 0.450957
1.897020	 0.455053
1.905210	 0.459149
1.913400	 0.463245
1.921600	 0.467341
1.929790	 0.471437
1.937980	 0.475533
1.946170	 0.479629
1.954360	 0.483726
1.962560	 0.487822
1.970750	 0.491918
1.978940	 0.496014
1.987130	 0.500110
1.995320	 0.504206
2.003520	 0.508302
2.011710	 0.512398
2.019900	 0.516494
2.028090	 0.520590
2.036290	 0.524686
2.044480	 0.528782
2.052670	 0.532878
2.060860	 0.536974
2.069050	 0.541070
2.077250	 0.545166
2.085440	 0.549262
2.093630	 0.553358
2.101820	 0.557454
2.110010	 0.561550
2.118210	 0.565646
2.126400	 0.569742
2.134590	 0.573838
2.142780	 0.577934
2.150970	 0.582030
2.159170	 0.586126
2.167360	 0.590222
2.175550	 0.594318
2.183740	 0.598414
2.191930	 0.602510
2.200130	 0.606606
2.208320	 0.610702
2.216510	 0.614799
2.224700	 0.618895
2.232890	 0.622991
2.241090	 0.627087
2.249280	 0.631183
2.257470	 0.635279
2.265660	 0.639375
2.273850	 0.643471
2.282050	 0.647567
2.290240	 0.651663
2.298430	 0.655759
2.306620	 0.659855
2.314810	 0.663951
2.323010	 0.668047
2.331200	 0.672143
2.339390	 0.676239
2.347580	 0.680335
2.355770	 0.684431
2.363970	 0.688527
2.372160	 0.692623
2.380350	 0.696719
2.388540	 0.700815
2.396730	 0.704911
2.404930	 0.709007
2.413120	 0.713103
2.421310	 0.717199
2.429500	 0.721295
2.437690	 0.725391
2.445890	 0.729487
2.454080	 0.733583
2.462270	 0.737679
2.470460	 0.741775
2.478650	 0.745871
2.486850	 0.749967
2.495040	 0.754063
2.503230	 0.758159
2.511420	 0.762255
2.519610	 0.766351
2.527810	 0.770447
2.536000	 0.774543
2.544190	 0.778639
2.552380	 0.782735
2.560570	 0.786831
2.568770	 0.790927
2.576960	 0.795023
2.585150	 0.799119
2.593340	 0.803215
2.601530	 0.807312
2.609730	 0.811408
2.617920	 0.815504
2.626110	 0.819600
2.634300	 0.823696
2.642490	 0.827792
2.650690	 0.831888
2.658880	 0.835984
2.667070	 0.840080
2.675260	 0.844176
2.683450	 0.848272
2.691650	 0.852368
2.699840	 0.856464
2.708030	 0.860560
2.716220	 0.864656
2.724410	 0.868752
2.732610	 0.872848
2.740800	 0.876944
2.748990	 0.881040
2.757180	 0.885136
2.765370	 0.889232
2.773570	 0.893328
2.781760	 0.897424
2.789950	 0.901520
2.798140	 0.905616
2.806330	 0.909712
2.814530	 0.913808
2.822720	 0.917904
2.830910	 0.922000
2.839100	 0.926096
2.847290	 0.930192
2.855490	 0.934288
2.863680	 0.938384
2.871870	 0.942480
2.880060	 0.946576
2.888250	 0.950672
2.896450	 0.954768
2.904640	 0.958864
2.912830	 0.962960
2.921020	 0.967056
2.929210	 0.971152
2.937410	 0.975248
2.945600	 0.979344
2.953790	 0.983440
2.961980	 0.987536
2.970170	 0.991632
2.978370	 0.995728
2.986560	 0.999824
2.994750	 1.003920
3.002940	 1.008016
3.011140	 1.012112
3.019330	 1.016208
3.027520	 1.020304
3.035710	 1.024400
3.043900	 1.028496
3.052100	 1.032592
3.060290	 1.036688
3.068480	 1.040784
3.076670	 1.044881
3.084860	 1.048977
3.093060	 1.053073
3.101250	 1.057169
3.109440	 1.061265
3.117630	 1.065361
3.125820	 1.069457
3.134020	 1.073553
3.142210	 1.077649
3.150400	 1.081745
3.158590	 1.085841
3.166780	 1.089937
3.174980	 1.094033
3.183170	 1.098129
3.191360	 1.102225
3.199550	 1.106321
3.207740	 1.110417
3.215940	 1.114513
3.224130	 1.118609
3.232320	 1.122705
3.240510	 1.126801
3.248700	 1.130897
3.256900	 1.134993
3.265090	 1.139089
3.273280	 1.143185
3.281470	 1.147281
3.289660	 1.151377
3.297860	 1.155473
3.306050	 1.159569
3.314240	 1.163665
3.322430	 1.167761
3.330620	 1.171857
3.338820	 1.175953
3.347010	 1.180049
3.355200	 1.184145
3.363390	 1.188241
3.371580	 1.192337
3.379780	 1.196433
3.387970	 1.200529
3.396160	 1.204625
3.404350	 1.208721
3.412540	 1.212817
3.420740	 1.216913
3.428930	 1.221009
3.437120	 1.225105
3.445310	 1.229201
3.453500	 1.233297
3.461700	 1.237393
3.469890	 1.241489
3.478080	 1.245585
3.486270	 1.249681
3.494460	 1.253777
3.502660	 1.257873
3.510850	 1.261969
3.519040	 1.266065
3.527230	 1.270161
3.535420	 1.274257
3.543620	 1.278353
3.551810	 1.282449
3.560000	 1.286545
3.568190	 1.290641
3.576380	 1.294737
3.584580	 1.298833
3.592770	 1.302929
3.600960	 1.307025
3.609150	 1.311121
3.617340	 1.315217
3.625540	 1.319313
3.633730	 1.323409
3.641920	 1.327505
3.650110	 1.331601
3.658300	 1.335697
3.666500	 1.339793
3.674690	 1.343889
3.682880	 1.347985
3.691070	 1.352081
3.699260	 1.356177
3.707460	 1.360273
3.715650	 1.364369
3.723840	 1.368465
3.732030	 1.372561
3.740220	 1.376658
3.748420	 1.380754
3.756610	 1.384850
3.764800	 1.388946
3.772990	 1.393042
3.781180	 1.397138
3.789380	 1.401234
3.797570	 1.405330
3.805760	 1.409426
3.813950	 1.413522
3.822140	 1.417618
3.830340	 1.421714
3.838530	 1.425810
3.846720	 1.429906
3.854910	 1.434002
3.863100	 1.438098
3.871300	 1.442194
3.879490	 1.446290
3.887680	 1.450386
3.895870	 1.454482
3.904060	 1.458578
3.912260	 1.462674
3.920450	 1.466770
3.928640	 1.470866
3.936830	 1.474962
3.945020	 1.479058
3.953220	 1.483154
3.961410	 1.487250
3.969600	 1.491346
3.977790	 1.495442
3.985980	 1.499538
3.994180	 1.503634
4.002370	 1.507730
4.010560	 1.511826
4.018750	 1.515922
4.026950	 1.520018
4.035140	 1.524114
4.043330	 1.528210
4.051520	 1.532306
4.059710	 1.536402
4.067910	 1.540498
4.076100	 1.544594
4.084290	 1.548690
4.092480	 1.552786
4.100670	 1.556882
4.108870	 1.560978
4.117060	 1.565074
4.125250	 1.569170
4.133440	 1.573266
4.141630	 1.577362
4.149830	 1.581458
4.158020	 1.585554
4.166210	 1.589650
4.174400	 1.593746
4.182590	 1.597842
4.190790	 1.601938
4.198980	 1.606034
4.207170	 1.610130
4.215360	 1.614226
4.223550	 1.618322
4.231750	 1.622418
4.239940	 1.626514
4.248130	 1.630610
4.256320	 1.634706
4.264510	 1.638802
4.272710	 1.642898
4.280900	 1.646994
4.289090	 1.651090
4.297280	 1.655186
4.305470	 1.659282
4.313670	 1.663378
4.321860	 1.667474
4.330050	 1.671570
4.338240	 1.675666
4.346430	 1.679762
4.354630	 1.683858
4.362820	 1.687954
4.371010	 1.692050
4.379200	 1.696146
4.387390	 1.700242
4.395590	 1.704338
4.403780	 1.708434
4.411970	 1.712530
4.420160	 1.716626
4.428350	 1.720722
4.436550	 1.724818
4.444740	 1.728914
4.452930	 1.733010
4.461120	 1.737106
4.469310	 1.741202
4.477510	 1.745298
4.485700	 1.749394
4.493890	 1.753490
4.502080	 1.757587
4.510270	 1.761683
4.518470	 1.765779
4.526660	 1.769875
4.534850	 1.773971
4.543040	 1.778067
4.551230	 1.782163
4.559430	 1.786259
4.567620	 1.790355
4.575810	 1.794451
4.584000	 1.798547
4.592190	 1.802643
4.600390	 1.806739
4.608580	 1.810835
4.616770	 1.814931
4.624960	 1.819027
4.633150	 1.823123
4.641350	 1.827219
4.649540	 1.831315
4.657730	 1.835411
4.665920	 1.839507
4.674110	 1.843603
4.682310	 1.847699
4.690500	 1.851795
4.698690	 1.855891
4.706880	 1.859987
4.715070	 1.864083
4.723270	 1.868179
4.731460	 1.872275
4.739650	 1.876371
4.747840	 1.880467
4.756030	 1.884563
4.764230	 1.888659
4.772420	 1.892755
4.780610	 1.896851
4.788800	 1.900947
4.796990	 1.905043
4.805190	 1.909139
4.813380	 1.913235
4.821570	 1.917331
4.829760	 1.921427
4.837950	 1.925523
4.846150	 1.929619
4.854340	 1.933715
4.862530	 1.937811
4.870720	 1.941907
4.878910	 1.946003
4.887110	 1.950099
4.895300	 1.954195
4.903490	 1.958291
4.911680	 1.962387
4.919870	 1.966483
4.928070	 1.970579
4.936260	 1.974675
4.944450	 1.978771
4.952640	 1.982867
4.960830	 1.986963
4.969030	 1.991059
4.977220	 1.995155
4.985410	 1.999251
4.993600	 2.003347
5.001790	 2.007443
5.009990	 2.011539
5.018180	 2.015635
5.026370	 2.019731
5.034560	 2.023827
5.042760	 2.027923
5.050950	 2.032019
5.059140	 2.036115
5.067330	 2.040211
5.075520	 2.044307
5.083720	 2.048403
5.091910	 2.052499
5.100100	 2.056595
5.108290	 2.060691
5.116480	 2.064787
5.124680	 2.068883
5.132870	 2.072979
5.141060	 2.077075
5.149250	 2.081171
5.157440	 2.085267
5.165640	 2.089363
5.173830	 2.093459
5.182020	 2.097555
5.190210	 2.101651
5.198400	 2.105747
5.206600	 2.109843
5.214790	 2.113939
5.222980	 2.118035
5.231170	 2.122131
5.239360	 2.126227
5.247560	 2.130323
5.255750	 2.134419
5.263940	 2.138515
5.272130	 2.142612
5.280320	 2.146708
5.288520	 2.150804
5.296710	 2.154900
5.304900	 2.158996
5.313090	 2.163092
5.321280	 2.167188
5.329480	 2.171284
5.337670	 2.175380
5.345860	 2.179476
5.354050	 2.183572
5.362240	 2.187668
5.370440	 2.191764
5.378630	 2.195860
5.386820	 2.199956
5.395010	 2.204052
5.403200	 2.208148
5.411400	 2.212244
5.419590	 2.216340
5.427780	 2.220436
5.435970	 2.224532
5.444160	 2.228628
5.452360	 2.232724
5.460550	 2.236820
5.468740	 2.240916
5.476930	 2.245012
5.485120	 2.249108
5.493320	 2.253204
5.501510	 2.257282
5.509700	 2.261335
5.517890	 2.257250
5.526080	 2.253180
5.534280	 2.249125
5.542470	 2.245084
5.550660	 2.241058
5.558850	 2.237046
5.567040	 2.233049
5.575240	 2.229065
5.583430	 2.225096
5.591620	 2.221141
5.599810	 2.217201
5.608000	 2.213274
5.616200	 2.209361
5.624390	 2.205462
5.632580	 2.201576
5.640770	 2.197705
5.648960	 2.193847
5.657160	 2.190002
5.665350	 2.186171
5.673540	 2.182353
5.681730	 2.178549
5.689920	 2.174758
5.698120	 2.170980
5.706310	 2.167215
5.714500	 2.163463
5.722690	 2.159724
5.730880	 2.155999
5.739080	 2.152286
5.747270	 2.148585
5.755460	 2.144898
5.763650	 2.141223
5.771840	 2.137561
5.780040	 2.133911
5.788230	 2.130274
5.796420	 2.126649
5.804610	 2.123036
5.812800	 2.119436
5.821000	 2.115848
5.829190	 2.112272
5.837380	 2.108708
5.845570	 2.105156
5.853760	 2.101616
5.861960	 2.098088
5.870150	 2.094572
5.878340	 2.091068
5.886530	 2.087575
5.894720	 2.084094
5.902920	 2.080625
5.911110	 2.077167
5.919300	 2.073720
5.927490	 2.070285
5.935680	 2.066862
5.943880	 2.063450
5.952070	 2.060049
5.960260	 2.056659
5.968450	 2.053280
5.976640	 2.049913
5.984840	 2.046556
5.993030	 2.043211
6.001220	 2.039876
6.009410	 2.036552
6.017610	 2.033240
6.025800	 2.029937
6.033990	 2.026646
6.042180	 2.023365
6.050370	 2.020095
6.058570	 2.016836
6.066760	 2.013587
6.074950	 2.010348
6.083140	 2.007120
6.091330	 2.003902
6.099530	 2.000695
6.107720	 1.997498
6.115910	 1.994311
6.124100	 1.991134
6.132290	 1.987967
6.140490	 1.984811
6.148680	 1.981664
6.156870	 1.978527
6.165060	 1.975401
6.173250	 1.972284
6.181450	 1.969177
6.189640	 1.966080
6.197830	 1.962992
6.206020	 1.959914
6.214210	 1.956846
6.222410	 1.953788
6.230600	 1.950739
6.238790	 1.947699
6.246980	 1.944669
6.255170	 1.941649
6.263370	 1.938638
6.271560	 1.935636
6.279750	 1.932643
6.287940	 1.929660
6.296130	 1.926686
6.304330	 1.923721
6.312520	 1.920765
6.320710	 1.917819
6.328900	 1.914881
6.337090	 1.911952
6.345290	 1.909032
6.353480	 1.906122
6.361670	 1.903220
6.369860	 1.900327
6.378050	 1.897442
6.386250	 1.894567
6.394440	 1.891700
6.402630	 1.888842
6.410820	 1.885992
6.419010	 1.883151
6.427210	 1.880319
6.435400	 1.877495
6.443590	 1.874680
6.451780	 1.871873
6.459970	 1.869074
6.468170	 1.866284
6.476360	 1.863502
6.484550	 1.860729
6.492740	 1.857963
6.500930	 1.855206
6.509130	 1.852457
6.517320	 1.849717
6.525510	 1.846984
6.533700	 1.844260
6.541890	 1.841543
6.550090	 1.838834
6.558280	 1.836134
6.566470	 1.833441
6.574660	 1.830757
6.582850	 1.828080
6.591050	 1.825411
6.599240	 1.822749
6.607430	 1.820096
6.615620	 1.817450
6.623810	 1.814812
6.632010	 1.812182
6.640200	 1.809559
6.648390	 1.806944
6.656580	 1.804336
6.664770	 1.801736
6.672970	 1.799143
6.681160	 1.796558
6.689350	 1.793980
6.697540	 1.791410
6.705730	 1.788847
6.713930	 1.786291
6.722120	 1.783743
6.730310	 1.781202
6.738500	 1.778668
6.746690	 1.776142
6.754890	 1.773622
6.763080	 1.771110
6.771270	 1.768605
6.779460	 1.766107
6.787650	 1.763615
6.795850	 1.761131
6.804040	 1.758654
6.812230	 1.756184
6.820420	 1.753721
6.828610	 1.751265
6.836810	 1.748816
6.845000	 1.746373
6.853190	 1.743938
6.861380	 1.741509
6.869570	 1.739087
6.877770	 1.736671
6.885960	 1.734263
6.894150	 1.731861
6.902340	 1.729466
6.910530	 1.727077
6.918730	 1.724695
6.926920	 1.722319
6.935110	 1.719950
6.943300	 1.717588
6.951490	 1.715232
6.959690	 1.712882
6.967880	 1.710539
6.976070	 1.708203
6.984260	 1.705872
6.992450	 1.703549
7.000650	 1.701231
7.008840	 1.698920
7.017030	 1.696615
7.025220	 1.694316
7.033420	 1.692024
7.041610	 1.689737
7.049800	 1.687457
7.057990	 1.685183
7.066180	 1.682915
7.074380	 1.680654
7.082570	 1.678398
7.090760	 1.676148
7.098950	 1.673905
7.107140	 1.671667
7.115340	 1.669436
7.123530	 1.667210
7.131720	 1.664990
7.139910	 1.662777
7.148100	 1.660569
7.156300	 1.658367
7.164490	 1.656171
7.172680	 1.653980
7.180870	 1.651796
7.189060	 1.649617
7.197260	 1.647444
7.205450	 1.645277
7.213640	 1.643115
7.221830	 1.640959
7.230020	 1.638809
7.238220	 1.636664
7.246410	 1.634525
7.254600	 1.632392
7.262790	 1.630264
7.270980	 1.628142
7.279180	 1.626025
7.287370	 1.623913
7.295560	 1.621808
7.303750	 1.619707
7.311940	 1.617612
7.320140	 1.615523
7.328330	 1.613439
7.336520	 1.611360
7.344710	 1.609287
7.352900	 1.607219
7.361100	 1.605156
7.369290	 1.603099
7.377480	 1.601047
7.385670	 1.599000
7.393860	 1.596958
7.402060	 1.594922
7.410250	 1.592891
7.418440	 1.590865
7.426630	 1.588844
7.434820	 1.586828
7.443020	 1.584817
7.451210	 1.582812
7.459400	 1.580811
7.467590	 1.578816
7.475780	 1.576826
7.483980	 1.574840
7.492170	 1.572860
7.500360	 1.570885
7.508550	 1.568914
7.516740	 1.566949
7.524940	 1.564988
7.533130	 1.563033
7.541320	 1.561082
7.549510	 1.559136
7.557700	 1.557195
7.565900	 1.555259
7.574090	 1.553328
7.582280	 1.551401
7.590470	 1.549479
7.598660	 1.547562
7.606860	 1.545650
7.615050	 1.543742
7.623240	 1.541840
7.631430	 1.539941
7.639620	 1.538048
7.647820	 1.536159
7.656010	 1.534275
7.664200	 1.532396
7.672390	 1.530521
7.680580	 1.528650
7.688780	 1.526784
7.696970	 1.524923
7.705160	 1.523067
7.713350	 1.521214
7.721540	 1.519367
7.729740	 1.517524
7.737930	 1.515685
7.746120	 1.513851
7.754310	 1.512021
7.762500	 1.510196
7.770700	 1.508375
7.778890	 1.506558
7.787080	 1.504746
7.795270	 1.502938
7.803460	 1.501135
7.811660	 1.499336
7.819850	 1.497541
7.828040	 1.495750
7.836230	 1.493964
7.844420	 1.492182
7.852620	 1.490404
7.860810	 1.488631
7.869000	 1.486862
7.877190	 1.485096
7.885380	 1.483336
7.893580	 1.481579
7.901770	 1.479826
7.909960	 1.478078
7.918150	 1.476334
7.926340	 1.474594
7.934540	 1.472858
7.942730	 1.471126
7.950920	 1.469398
7.959110	 1.467674
7.967300	 1.465954
7.975500	 1.464239
7.983690	 1.462527
7.991880	 1.460819
8.000070	 1.459116
8.008270	 1.457416
8.016460	 1.455720
8.024650	 1.454028
8.032840	 1.452340
8.041030	 1.450656
8.049230	 1.448976
8.057420	 1.447300
8.065610	 1.445628
8.073800	 1.443960
8.081990	 1.442295
8.090190	 1.440634
8.098380	 1.438977
8.106570	 1.437324
8.114760	 1.435675
8.122950	 1.434030
8.131150	 1.432388
8.139340	 1.430750
8.147530	 1.429116
8.155720	 1.427485
8.163910	 1.425858
8.172110	 1.424235
8.180300	 1.422616
8.188490	 1.421000
8.196680	 1.419388
8.204870	 1.417780
8.213070	 1.416175
8.221260	 1.414574
8.229450	 1.412977
8.237640	 1.411383
8.245830	 1.409793
8.254030	 1.408206
8.262220	 1.406623
8.270410	 1.405044
8.278600	 1.403468
8.286790	 1.401895
8.294990	 1.400327
8.303180	 1.398761
8.311370	 1.397199
8.319560	 1.395641
8.327750	 1.394086
8.335950	 1.392535
8.344140	 1.390987
8.352330	 1.389442
8.360520	 1.387901
8.368710	 1.386363
8.376910	 1.384829
8.385100	 1.383298
8.393290	 1.381771
8.401480	 1.380247
8.409670	 1.378726
8.417870	 1.377209
8.426060	 1.375694
8.434250	 1.374184
8.442440	 1.372676
8.450630	 1.371172
8.458830	 1.369671
8.467020	 1.368174
8.475210	 1.366680
8.483400	 1.365189
8.491590	 1.363701
8.499790	 1.362217
8.507980	 1.360735
8.516170	 1.359257
8.524360	 1.357783
8.532550	 1.356311
8.540750	 1.354843
8.548940	 1.353377
8.557130	 1.351915
8.565320	 1.350457
8.573510	 1.349001
8.581710	 1.347548
8.589900	 1.346099
8.598090	 1.344652
8.606280	 1.343209
8.614470	 1.341769
8.622670	 1.340332
8.630860	 1.338898
8.639050	 1.337467
8.647240	 1.336039
8.655430	 1.334615
8.663630	 1.333193
8.671820	 1.331774
8.680010	 1.330358
8.688200	 1.328946
8.696390	 1.327536
8.704590	 1.326130
8.712780	 1.324726
8.720970	 1.323325
8.729160	 1.321927
8.737350	 1.320533
8.745550	 1.319141
8.753740	 1.317752
8.761930	 1.316366
8.770120	 1.314983
8.778310	 1.313603
8.786510	 1.312225
8.794700	 1.310851
8.802890	 1.309479
8.811080	 1.308111
8.819270	 1.306745
8.827470	 1.305382
8.835660	 1.304022
8.843850	 1.302665
8.852040	 1.301311
8.860230	 1.299959
8.868430	 1.298610
8.876620	 1.297264
8.884810	 1.295921
8.893000	 1.294581
8.901190	 1.293243
8.909390	 1.291908
8.917580	 1.290576
8.925770	 1.289247
8.933960	 1.287920
8.942150	 1.286596
8.950350	 1.285275
8.958540	 1.283957
8.966730	 1.282641
8.974920	 1.281328
8.983110	 1.280018
8.991310	 1.278710
8.999500	 1.277405
9.007690	 1.276103
9.015880	 1.274803
9.024080	 1.273506
9.032270	 1.272212
9.040460	 1.270920
9.048650	 1.269631
9.056840	 1.268345
9.065040	 1.267061
9.073230	 1.265780
9.081420	 1.264501
9.089610	 1.263225
9.097800	 1.261951
9.106000	 1.260680
9.114190	 1.259412
9.122380	 1.258146
9.130570	 1.256883
9.138760	 1.255622
9.146960	 1.254364
9.155150	 1.253108
9.163340	 1.251855
9.171530	 1.250604
9.179720	 1.249356
9.187920	 1.248111
9.196110	 1.246868
9.204300	 1.245627
9.212490	 1.244389
9.220680	 1.243153
9.228880	 1.241920
9.237070	 1.240689
9.245260	 1.239460
9.253450	 1.238234
9.261640	 1.237011
9.269840	 1.235790
9.278030	 1.234571
9.286220	 1.233355
9.294410	 1.232141
9.302600	 1.230929
9.310800	 1.229720
9.318990	 1.228513
9.327180	 1.227309
9.335370	 1.226107
9.343560	 1.224907
9.351760	 1.223710
9.359950	 1.222515
9.368140	 1.221322
9.376330	 1.220132
9.384520	 1.218944
9.392720	 1.217758
9.400910	 1.216575
9.409100	 1.215394
9.417290	 1.214215
9.425480	 1.213039
9.433680	 1.211865
9.441870	 1.210693
9.450060	 1.209523
9.458250	 1.208356
9.466440	 1.207191
9.474640	 1.206028
9.482830	 1.204867
9.491020	 1.203709
9.499210	 1.202552
9.507400	 1.201399
9.515600	 1.200247
9.523790	 1.199097
9.531980	 1.197950
9.540170	 1.196805
9.548360	 1.195662
9.556560	 1.194521
9.564750	 1.193383
9.572940	 1.192246
9.581130	 1.191112
9.589320	 1.189980
9.597520	 1.188850
9.605710	 1.187722
9.613900	 1.186597
9.622090	 1.185473
9.630280	 1.184352
9.638480	 1.183233
9.646670	 1.182116
9.654860	 1.181001
9.663050	 1.179888
9.671240	 1.178777
9.679440	 1.177668
9.687630	 1.176562
9.695820	 1.175457
9.704010	 1.174355
9.712200	 1.173254
9.720400	 1.172156
9.728590	 1.171060
9.736780	 1.169966
9.744970	 1.168873
9.753160	 1.167783
9.761360	 1.166695
9.769550	 1.165609
9.777740	 1.164525
9.785930	 1.163443
9.794120	 1.162363
9.802320	 1.161285
9.810510	 1.160209
9.818700	 1.159135
9.826890	 1.158063
9.835080	 1.156993
9.843280	 1.155925
9.851470	 1.154859
9.859660	 1.153795
9.867850	 1.152733
9.876040	 1.151673
9.884240	 1.150615
9.892430	 1.149558
9.900620	 1.148504
9.908810	 1.147452
9.917000	 1.146401
9.925200	 1.145353
9.933390	 1.144306
9.941580	 1.143261
9.949770	 1.142218
9.957960	 1.141178
9.966160	 1.140139
9.974350	 1.139102
9.982540	 1.138066
9.990730	 1.137033
9.998920	 1.136002
10.000000	 1.134972
10.002000	 1.133944
