0.002046	 0.021374
0.023420	 0.016436
0.023420	 0.017439
0.023420	 0.019768
0.023420	 0.022741
0.023420	 0.026066
0.023420	 0.029591
0.023420	 0.033121
0.023420	 0.036675
0.023420	 0.040290
0.023420	 0.043925
0.023420	 0.047667
0.034918	 0.050570
0.034918	 0.053609
0.042866	 0.056214
0.042866	 0.058967
0.042866	 0.061854
0.042866	 0.064839
0.050176	 0.067531
0.050176	 0.070325
0.050176	 0.073209
0.050176	 0.076178
0.058051	 0.078879
0.058051	 0.081654
0.058051	 0.084491
0.058051	 0.087416
0.066112	 0.090114
0.066112	 0.092923
0.066112	 0.095821
0.066112	 0.098792
0.074163	 0.101557
0.074163	 0.104386
0.074163	 0.107271
0.074163	 0.110206
0.081251	 0.113000
0.081251	 0.115857
0.081251	 0.118758
0.081251	 0.121708
0.088527	 0.124531
0.088527	 0.127394
0.088527	 0.130303
0.088527	 0.133247
0.096243	 0.136064
0.096243	 0.138945
0.096243	 0.141865
0.096243	 0.144823
0.103692	 0.147675
0.103692	 0.150577
0.103692	 0.153509
0.103692	 0.156469
0.112254	 0.159296
0.112254	 0.162156
0.112254	 0.165052
0.112254	 0.167983
0.120319	 0.170795
0.120319	 0.173644
0.120319	 0.176535
0.120319	 0.179463
0.128033	 0.182296
0.128033	 0.185166
0.128033	 0.188070
0.128033	 0.190997
0.135548	 0.193837
0.135548	 0.196719
0.135548	 0.199631
0.135548	 0.202564
0.143141	 0.205413
0.143141	 0.208291
0.143141	 0.211194
0.143141	 0.214127
0.150900	 0.216981
0.150900	 0.219858
0.150900	 0.222759
0.150900	 0.225689
0.158463	 0.228542
0.158463	 0.231420
0.158463	 0.234328
0.158463	 0.237254
0.166158	 0.240106
0.166158	 0.242987
0.166158	 0.245894
0.166158	 0.248823
0.173575	 0.251686
0.173575	 0.254573
0.173575	 0.257488
0.173575	 0.260421
0.181071	 0.263287
0.181071	 0.266179
0.181071	 0.269087
0.181071	 0.272019
0.188710	 0.274883
0.188710	 0.277765
0.188710	 0.280666
0.188710	 0.283590
0.196340	 0.286451
0.196340	 0.289329
0.196340	 0.292229
0.196340	 0.295151
0.203538	 0.298012
0.203538	 0.300891
0.203538	 0.303791
0.203538	 0.306706
0.210620	 0.309570
0.210620	 0.312453
0.218589	 0.315282
0.218589	 0.318132
0.226374	 0.320930
0.226374	 0.323747
0.234898	 0.326500
0.234898	 0.329276
0.243060	 0.331995
0.243060	 0.334740
0.251066	 0.337428
0.251066	 0.340135
0.258673	 0.342793
0.258673	 0.345474
0.266239	 0.348109
0.266239	 0.350763
0.273770	 0.353373
0.273770	 0.356002
0.281235	 0.358592
0.281235	 0.361208
0.281235	 0.363839
0.289229	 0.366425
0.289229	 0.369030
0.297105	 0.371591
0.297105	 0.374170
0.304450	 0.376716
0.304450	 0.379280
0.312117	 0.381807
0.312117	 0.384354
0.320320	 0.386861
0.320320	 0.389387
0.327583	 0.391884
0.327583	 0.394402
0.335175	 0.396881
0.335175	 0.399379
0.342482	 0.401840
0.342482	 0.404323
0.350635	 0.406768
0.350635	 0.409235
0.359048	 0.411666
0.359048	 0.414118
0.359048	 0.416590
0.366599	 0.419027
0.366599	 0.421483
0.374190	 0.423907
0.374190	 0.426355
0.382549	 0.428766
0.382549	 0.431193
0.390672	 0.433583
0.390672	 0.435989
0.397949	 0.438368
0.397949	 0.440764
0.405177	 0.443131
0.405177	 0.445514
0.412881	 0.447864
0.412881	 0.450233
0.420310	 0.452576
0.420310	 0.454938
0.427861	 0.457268
0.427861	 0.459615
0.435581	 0.461932
0.435581	 0.464266
0.435581	 0.466616
0.442959	 0.468940
0.442959	 0.471277
0.450681	 0.473591
0.450681	 0.475924
0.458767	 0.478228
0.458767	 0.480551
0.466661	 0.482843
0.466661	 0.485153
0.474662	 0.487434
0.474662	 0.489731
0.482500	 0.491999
0.482500	 0.494288
0.490360	 0.496553
0.490360	 0.498835
0.497580	 0.501096
0.497580	 0.503372
0.505436	 0.505624
0.505436	 0.507901
0.513870	 0.510147
0.513870	 0.512410
0.513870	 0.514693
0.521554	 0.516953
0.521554	 0.519230
0.528731	 0.521485
0.528731	 0.523755
0.536553	 0.526000
0.536553	 0.528259
0.544320	 0.530494
0.544320	 0.532746
0.551742	 0.534979
0.551742	 0.537226
0.559593	 0.539451
0.559593	 0.541692
0.567649	 0.543913
0.567649	 0.546149
0.575074	 0.548366
0.575074	 0.550598
0.582517	 0.552810
0.582517	 0.555037
0.590450	 0.557239
0.590450	 0.559458
0.590450	 0.561693
0.598140	 0.563904
0.598140	 0.566133
0.605740	 0.568343
0.605740	 0.570569
0.613805	 0.572769
0.613805	 0.574988
0.621044	 0.577188
0.621044	 0.579405
0.628720	 0.581600
0.628720	 0.583808
0.636706	 0.585996
0.636706	 0.588200
0.644657	 0.590382
0.644657	 0.592579
0.652172	 0.594758
0.652172	 0.596950
0.660038	 0.599119
0.660038	 0.601302
0.667755	 0.603468
0.667755	 0.605653
0.667755	 0.607853
0.675960	 0.610033
0.675960	 0.612228
0.683325	 0.614407
0.683325	 0.616598
0.690808	 0.618771
0.690808	 0.620958
0.698824	 0.623128
0.698824	 0.625312
0.706106	 0.627481
0.706106	 0.629664
0.713989	 0.631828
0.713989	 0.634006
0.721405	 0.636168
0.721405	 0.638343
0.728699	 0.640504
0.728699	 0.642681
0.736283	 0.644840
0.736283	 0.647011
0.744229	 0.649163
0.744229	 0.651329
0.744229	 0.653507
0.751734	 0.655668
0.751734	 0.657842
0.759067	 0.659999
0.759067	 0.662169
0.767023	 0.664322
0.767023	 0.666491
0.774859	 0.668642
0.774859	 0.670807
0.781943	 0.672956
0.781943	 0.675118
0.789458	 0.677263
0.789458	 0.679421
0.797346	 0.681563
0.797346	 0.683718
0.804618	 0.685858
0.804618	 0.688010
0.812359	 0.690148
0.812359	 0.692300
0.819987	 0.694435
0.819987	 0.696581
0.819987	 0.698740
0.828106	 0.700879
0.828106	 0.703031
0.835985	 0.705164
0.835985	 0.707313
0.843902	 0.709447
0.843902	 0.711592
0.851481	 0.713724
0.851481	 0.715867
0.858738	 0.717998
0.858738	 0.720138
0.866761	 0.722262
0.866761	 0.724400
0.874174	 0.726523
0.874174	 0.728661
0.882437	 0.730781
0.882437	 0.732916
0.889632	 0.735040
0.889632	 0.737177
0.897008	 0.739302
0.897008	 0.741437
0.897008	 0.743586
0.904497	 0.745720
0.904497	 0.747869
0.912484	 0.750004
0.912484	 0.752151
0.920025	 0.754286
0.920025	 0.756432
0.927523	 0.758564
0.927523	 0.760708
0.935113	 0.762838
0.935113	 0.764979
0.942627	 0.767107
0.942627	 0.769246
0.950650	 0.771370
0.950650	 0.773506
0.958922	 0.775625
0.958922	 0.777756
0.966134	 0.779874
0.966134	 0.782005
0.973688	 0.784122
0.973688	 0.786252
0.973688	 0.788394
0.981303	 0.790521
0.981303	 0.792660
0.988745	 0.794787
0.988745	 0.796924
0.996214	 0.799050
0.996214	 0.801188
1.004560	 0.803310
1.004560	 0.805444
1.011900	 0.807565
1.011900	 0.809697
1.019910	 0.811814
1.019910	 0.813942
1.027560	 0.816055
1.027560	 0.818180
1.035580	 0.820290
1.035580	 0.822409
1.043260	 0.824515
1.043260	 0.826632
1.051530	 0.828733
1.051530	 0.830844
1.051530	 0.832965
1.059430	 0.835073
1.059430	 0.837192
1.066610	 0.839300
1.066610	 0.841418
1.074330	 0.843522
1.074330	 0.845637
1.081540	 0.847741
1.081540	 0.849853
1.089460	 0.851952
1.089460	 0.854060
1.097150	 0.856156
1.097150	 0.858264
1.105350	 0.860361
1.105350	 0.862468
1.113370	 0.864563
1.113370	 0.866670
1.121450	 0.868762
1.121450	 0.870864
1.129110	 0.872956
1.129110	 0.875058
1.129110	 0.877168
1.136550	 0.879267
1.136550	 0.881374
1.144250	 0.883470
1.144250	 0.885575
1.151950	 0.887668
1.151950	 0.889769
1.160450	 0.891857
1.160450	 0.893956
1.168110	 0.896043
1.168110	 0.898140
1.175360	 0.900227
1.175360	 0.902322
1.182680	 0.904408
1.182680	 0.906505
1.190000	 0.908592
1.190000	 0.910688
1.198010	 0.912774
1.198010	 0.914871
1.205230	 0.916957
1.205230	 0.919052
1.205230	 0.921156
1.212860	 0.923248
1.212860	 0.925349
1.220010	 0.927438
1.220010	 0.929537
1.227310	 0.931625
1.227310	 0.933723
1.235160	 0.935809
1.235160	 0.937905
1.243010	 0.939990
1.243010	 0.942083
1.250840	 0.944165
1.250840	 0.946257
1.257960	 0.948341
1.257960	 0.950434
1.265270	 0.952516
1.265270	 0.954607
1.272910	 0.956687
1.272910	 0.958775
1.280270	 0.960853
1.280270	 0.962939
1.280270	 0.965035
1.287680	 0.967120
1.287680	 0.969214
1.295230	 0.971299
1.295230	 0.973394
1.302300	 0.975480
1.302300	 0.977574
1.310680	 0.979656
1.310680	 0.981746
1.318480	 0.983826
1.318480	 0.985914
1.326420	 0.987991
1.326420	 0.990077
1.334120	 0.992154
1.334120	 0.994239
1.341540	 0.996315
1.341540	 0.998400
1.349180	 1.000476
1.349180	 1.002560
1.356670	 1.004635
1.356670	 1.006720
1.356670	 1.008812
1.364020	 1.010896
1.364020	 1.012989
1.371430	 1.015071
1.371430	 1.017161
1.379670	 1.019239
1.379670	 1.021326
1.387800	 1.023403
1.387800	 1.025487
1.395420	 1.027563
1.395420	 1.029646
1.403270	 1.031719
1.403270	 1.033799
1.410650	 1.035872
1.410650	 1.037953
1.418830	 1.040022
1.418830	 1.042100
1.427600	 1.044166
1.427600	 1.046240
1.435030	 1.048306
1.435030	 1.050380
1.435030	 1.052463
1.442690	 1.054536
1.442690	 1.056616
1.450880	 1.058686
1.450880	 1.060762
1.458980	 1.062829
1.458980	 1.064903
1.466590	 1.066967
1.466590	 1.069039
1.474190	 1.071103
1.474190	 1.073174
1.481530	 1.075237
1.481530	 1.077306
1.489020	 1.079366
1.489020	 1.081433
1.496300	 1.083491
1.496300	 1.085557
1.503910	 1.087614
1.503910	 1.089679
1.511670	 1.091734
1.511670	 1.093798
1.511670	 1.095869
1.519880	 1.097931
1.519880	 1.100002
1.527280	 1.102064
1.527280	 1.104134
1.535110	 1.106195
1.535110	 1.108263
1.542810	 1.110322
1.542810	 1.112390
1.551220	 1.114446
1.551220	 1.116511
1.558880	 1.118568
1.558880	 1.120633
1.566760	 1.122688
1.566760	 1.124750
1.574200	 1.126804
1.574200	 1.128865
1.582140	 1.130917
1.582140	 1.132976
1.589780	 1.135027
1.589780	 1.137085
1.589780	 1.139151
1.596930	 1.141212
1.596930	 1.143279
1.604720	 1.145337
1.604720	 1.147403
1.612480	 1.149461
1.612480	 1.151527
1.619820	 1.153585
1.619820	 1.155651
1.627870	 1.157707
1.627870	 1.159771
1.636020	 1.161825
1.636020	 1.163887
1.643660	 1.165942
1.643660	 1.168004
1.650850	 1.170060
1.650850	 1.172123
1.659220	 1.174177
1.659220	 1.176240
1.666780	 1.178294
1.666780	 1.180357
1.666780	 1.182428
1.674900	 1.184489
1.674900	 1.186557
1.682200	 1.188617
1.682200	 1.190684
1.689600	 1.192743
1.689600	 1.194808
1.697430	 1.196864
1.697430	 1.198927
1.705410	 1.200983
1.705410	 1.203044
1.712980	 1.205098
1.712980	 1.207160
1.720580	 1.209214
1.720580	 1.211273
1.728390	 1.213324
1.728390	 1.215382
1.735680	 1.217434
1.735680	 1.219493
1.742950	 1.221545
1.742950	 1.223603
1.742950	 1.225668
1.750310	 1.227725
1.750310	 1.229789
1.758570	 1.231843
1.758570	 1.233904
1.767200	 1.235956
1.767200	 1.238014
1.775010	 1.240065
1.775010	 1.242123
1.783010	 1.244171
1.783010	 1.246226
1.790880	 1.248273
1.790880	 1.250325
1.798880	 1.252370
1.798880	 1.254421
1.806120	 1.256465
1.806120	 1.258516
1.813660	 1.260559
1.813660	 1.262608
1.821290	 1.264649
1.821290	 1.266697
1.821290	 1.268751
1.829670	 1.270797
1.829670	 1.272850
1.837350	 1.274896
1.837350	 1.276947
1.845480	 1.278990
1.845480	 1.281039
1.853270	 1.283081
1.853270	 1.285129
1.860840	 1.287170
1.860840	 1.289218
1.868520	 1.291260
1.868520	 1.293308
1.876440	 1.295349
1.876440	 1.297395
1.883950	 1.299435
1.883950	 1.301481
1.892250	 1.303519
1.892250	 1.305563
1.900340	 1.307599
1.900340	 1.309642
1.900340	 1.311691
1.907830	 1.313733
1.907830	 1.315781
1.915170	 1.317823
1.915170	 1.319871
1.922920	 1.321914
1.922920	 1.323962
1.930460	 1.326005
1.930460	 1.328053
1.937990	 1.330095
1.937990	 1.332143
1.945330	 1.334184
1.945330	 1.336232
1.953040	 1.338272
1.953040	 1.340318
1.960710	 1.342356
1.960710	 1.344401
1.967920	 1.346439
1.967920	 1.348483
1.975990	 1.350521
1.975990	 1.352565
1.975990	 1.354615
1.984510	 1.356656
1.984510	 1.358703
1.992090	 1.360745
1.992090	 1.362793
1.999870	 1.364835
1.999870	 1.366883
2.007140	 1.368926
2.007140	 1.370975
2.014790	 1.373018
2.014790	 1.375066
2.022320	 1.377108
2.022320	 1.379156
2.029980	 1.381197
2.029980	 1.383243
2.038090	 1.385283
2.038090	 1.387329
2.045670	 1.389368
2.045670	 1.391412
2.053130	 1.393449
2.053130	 1.395493
2.053130	 1.397542
2.060820	 1.399584
2.060820	 1.401631
2.068970	 1.403672
2.068970	 1.405718
2.077210	 1.407757
2.077210	 1.409802
2.084490	 1.411841
2.084490	 1.413886
2.091720	 1.415927
2.091720	 1.417974
2.099340	 1.420015
2.099340	 1.422061
2.106630	 1.424100
2.106630	 1.426141
2.114300	 1.428170
2.114300	 1.430202
2.121460	 1.432225
2.121460	 1.434248
2.129890	 1.436260
2.129890	 1.438273
2.129890	 1.440287
2.138010	 1.442289
2.138010	 1.444293
2.145540	 1.446285
2.145540	 1.448278
2.153560	 1.450260
2.153560	 1.452244
2.161030	 1.454217
2.161030	 1.456192
2.168960	 1.458156
2.168960	 1.460121
2.176010	 1.462077
2.176010	 1.464035
2.183800	 1.465982
2.183800	 1.467930
2.191810	 1.469867
2.191810	 1.471805
2.199500	 1.473734
2.199500	 1.475663
2.207770	 1.477581
2.207770	 1.479501
2.207770	 1.481423
2.215440	 1.483334
2.215440	 1.485247
2.223850	 1.487148
2.223850	 1.489051
2.232060	 1.490943
2.232060	 1.492836
2.240010	 1.494718
2.240010	 1.496602
2.248310	 1.498475
2.248310	 1.500349
2.255600	 1.502214
2.255600	 1.504081
2.263670	 1.505937
2.263670	 1.507795
2.271380	 1.509642
2.271380	 1.511492
2.279690	 1.513330
2.279690	 1.515170
2.288040	 1.516998
2.288040	 1.518829
2.288040	 1.520660
2.296010	 1.522482
2.296010	 1.524307
2.303950	 1.526121
2.303950	 1.527936
2.311740	 1.529742
2.311740	 1.531549
2.319400	 1.533347
2.319400	 1.535147
2.327110	 1.536938
2.327110	 1.538731
2.334670	 1.540515
2.334670	 1.542302
2.342520	 1.544079
2.342520	 1.545859
2.350340	 1.547629
2.350340	 1.549400
2.357840	 1.551164
2.357840	 1.552929
2.365650	 1.554685
2.365650	 1.556443
2.365650	 1.558203
2.373300	 1.559955
2.373300	 1.561709
2.380970	 1.563453
2.380970	 1.565200
2.388800	 1.566937
2.388800	 1.568678
2.396290	 1.570409
2.396290	 1.572143
2.404430	 1.573867
2.404430	 1.575592
2.411970	 1.577309
2.411970	 1.579028
2.420080	 1.580738
2.420080	 1.582449
2.428250	 1.584151
2.428250	 1.585856
2.435560	 1.587552
2.435560	 1.589250
2.443490	 1.590939
2.443490	 1.592630
2.443490	 1.594323
2.451340	 1.596007
2.451340	 1.597693
2.458990	 1.599369
2.458990	 1.601049
2.467080	 1.602718
2.467080	 1.604391
2.474850	 1.606054
2.474850	 1.607720
2.482730	 1.609377
2.482730	 1.611037
2.490810	 1.612688
2.490810	 1.614342
2.498260	 1.615987
2.498260	 1.617634
2.505880	 1.619272
2.505880	 1.620912
2.513280	 1.622545
2.513280	 1.624180
2.521200	 1.625807
2.521200	 1.627435
2.521200	 1.629064
2.528390	 1.630686
2.528390	 1.632311
2.536310	 1.633926
2.536310	 1.635543
2.543800	 1.637153
2.543800	 1.638764
2.550990	 1.640368
2.550990	 1.641974
2.558450	 1.643572
2.558450	 1.645172
2.566260	 1.646764
2.566260	 1.648359
2.573780	 1.649946
2.573780	 1.651536
2.581150	 1.653118
2.581150	 1.654702
2.588540	 1.656279
2.588540	 1.657858
2.596590	 1.659428
2.596590	 1.661001
2.596590	 1.662576
2.604260	 1.664143
2.604260	 1.665712
2.611960	 1.667274
2.611960	 1.668837
2.619680	 1.670393
2.619680	 1.671951
2.626990	 1.673503
2.626990	 1.675056
2.635020	 1.676602
2.635020	 1.678150
2.642260	 1.679691
2.642260	 1.681233
2.649760	 1.682769
2.649760	 1.684307
2.656850	 1.685838
2.656850	 1.687371
2.664540	 1.688898
2.664540	 1.690427
2.672220	 1.691948
2.672220	 1.693471
2.672220	 1.694997
2.680750	 1.696514
2.680750	 1.698032
2.689200	 1.699543
2.689200	 1.701055
2.696830	 1.702560
2.696830	 1.704067
2.704950	 1.705567
2.704950	 1.707070
2.713030	 1.708565
2.713030	 1.710062
2.720410	 1.711552
2.720410	 1.713044
2.728060	 1.714529
2.728060	 1.716017
2.736470	 1.717497
2.736470	 1.718979
2.743890	 1.720454
2.743890	 1.721931
2.751290	 1.723401
2.751290	 1.724873
2.751290	 1.726347
2.758530	 1.727816
2.758530	 1.729286
2.766000	 1.730749
2.766000	 1.732215
2.773840	 1.733676
2.773840	 1.735144
2.781440	 1.736607
2.781440	 1.738076
2.788870	 1.739542
2.788870	 1.741015
2.796000	 1.742486
2.796000	 1.743963
2.803990	 1.745437
2.803990	 1.746915
2.811990	 1.748389
2.811990	 1.749869
2.819890	 1.751346
2.819890	 1.752829
2.827520	 1.754307
2.827520	 1.755792
2.827520	 1.757281
2.835070	 1.758767
2.835070	 1.760259
2.842540	 1.761748
2.842540	 1.763242
2.850260	 1.764734
2.850260	 1.766231
2.859000	 1.767723
2.859000	 1.769221
2.866530	 1.770715
2.866530	 1.772214
2.874300	 1.773710
2.874300	 1.775211
2.882560	 1.776709
2.882560	 1.778212
2.890870	 1.779711
2.890870	 1.781215
2.898110	 1.782716
2.898110	 1.784222
2.905760	 1.785724
2.905760	 1.787233
2.905760	 1.788746
2.913220	 1.790256
2.913220	 1.791772
2.920560	 1.793284
2.920560	 1.794802
2.928050	 1.796317
2.928050	 1.797837
2.935300	 1.799354
2.935300	 1.800877
2.942870	 1.802396
2.942870	 1.803921
2.950220	 1.805442
2.950220	 1.806970
2.958200	 1.808493
2.958200	 1.810022
2.965870	 1.811548
2.965870	 1.813078
2.973820	 1.814605
2.973820	 1.816136
2.981470	 1.817665
2.981470	 1.819199
2.981470	 1.820739
2.988710	 1.822275
2.988710	 1.823816
2.996600	 1.825354
2.996600	 1.826898
3.004770	 1.828437
3.004770	 1.829982
3.012790	 1.831523
3.012790	 1.833069
3.020200	 1.834612
3.020200	 1.836160
3.027870	 1.837705
3.027870	 1.839254
3.035340	 1.840800
3.035340	 1.842351
3.042780	 1.843898
3.042780	 1.845452
3.050370	 1.847002
3.050370	 1.848556
3.057740	 1.850107
3.057740	 1.851664
3.057740	 1.853226
3.065060	 1.854785
3.065060	 1.856349
3.073070	 1.857909
3.073070	 1.859475
3.080640	 1.861037
3.080640	 1.862603
3.088170	 1.864167
3.088170	 1.865736
3.096370	 1.867301
3.096370	 1.868871
3.104410	 1.870447
3.104410	 1.872025
3.112190	 1.873603
3.112190	 1.875189
3.119780	 1.876766
3.119780	 1.878341
3.127030	 1.879913
3.127030	 1.881490
3.134920	 1.883064
3.134920	 1.884643
3.134920	 1.886228
3.142530	 1.887808
3.142530	 1.889393
3.150200	 1.890975
3.150200	 1.892562
3.157700	 1.894145
3.157700	 1.895734
3.165320	 1.897319
3.165320	 1.898909
3.173660	 1.900495
3.173660	 1.902087
3.181190	 1.903675
3.181190	 1.905269
3.188970	 1.906860
3.188970	 1.908455
3.196880	 1.910047
3.196880	 1.911644
3.204950	 1.913237
3.204950	 1.914834
3.212460	 1.916429
3.212460	 1.918028
3.212460	 1.919633
3.220560	 1.921233
3.220560	 1.922839
3.228310	 1.924440
3.228310	 1.926046
3.236110	 1.927649
3.236110	 1.929256
3.243850	 1.930860
3.243850	 1.932469
3.251640	 1.934074
3.251640	 1.935684
3.258910	 1.937290
3.258910	 1.938902
3.266430	 1.940510
3.266430	 1.942124
3.273710	 1.943734
3.273710	 1.945349
3.281690	 1.946959
3.281690	 1.948575
3.289810	 1.950187
3.289810	 1.951805
3.289810	 1.953427
3.297100	 1.955047
3.297100	 1.956672
3.305000	 1.958293
3.305000	 1.959919
3.312470	 1.961541
3.312470	 1.963168
3.320080	 1.964791
3.320080	 1.966419
3.327680	 1.968043
3.327680	 1.969671
3.335750	 1.971296
3.335750	 1.972925
3.343340	 1.974551
3.343340	 1.976181
3.350530	 1.977808
3.350530	 1.979440
3.358560	 1.981068
3.358560	 1.982701
3.366320	 1.984331
3.366320	 1.985965
3.366320	 1.987603
3.374270	 1.989238
3.374270	 1.990878
3.382080	 1.992514
3.382080	 1.994155
3.389700	 1.995793
3.389700	 1.997435
3.397380	 1.999074
3.397380	 2.000718
3.405180	 2.002357
3.405180	 2.004001
3.412740	 2.005642
3.412740	 2.007288
3.420040	 2.008931
3.420040	 2.010579
3.427550	 2.012223
3.427550	 2.013872
3.435030	 2.015517
3.435030	 2.017166
3.442740	 2.018813
3.442740	 2.020464
3.442740	 2.022120
3.450220	 2.023773
3.450220	 2.025430
3.457580	 2.027085
3.457580	 2.028745
3.465700	 2.030401
3.465700	 2.032062
3.473270	 2.033720
3.473270	 2.035382
3.480720	 2.037040
3.480720	 2.038703
3.488030	 2.040363
3.488030	 2.042028
3.495270	 2.043690
3.495270	 2.045357
3.502730	 2.047020
3.502730	 2.048689
3.510000	 2.050354
3.510000	 2.052024
3.517990	 2.053690
3.517990	 2.055360
3.517990	 2.057035
3.525410	 2.058706
3.525410	 2.060382
3.532780	 2.062055
3.532780	 2.063733
3.540800	 2.065408
3.540800	 2.067087
3.548580	 2.068762
3.548580	 2.070441
3.555900	 2.072118
3.555900	 2.073799
3.564370	 2.075476
3.564370	 2.077157
3.572460	 2.078835
3.572460	 2.080517
3.580020	 2.082196
3.580020	 2.083879
3.587730	 2.085559
3.587730	 2.087243
3.595420	 2.088924
3.595420	 2.090609
3.595420	 2.092298
3.602970	 2.093984
3.602970	 2.095674
3.610570	 2.097361
3.610570	 2.099051
3.618960	 2.100738
3.618960	 2.102429
3.626150	 2.104117
3.626150	 2.105810
3.633750	 2.107500
3.633750	 2.109194
3.642230	 2.110884
3.642230	 2.112579
3.650040	 2.114269
3.650040	 2.115965
3.657380	 2.117658
3.657380	 2.119356
3.664740	 2.121050
3.664740	 2.122749
3.672530	 2.124444
3.672530	 2.126143
3.672530	 2.127848
3.680160	 2.129548
3.680160	 2.131252
3.687950	 2.132953
3.687950	 2.134659
3.695200	 2.136362
3.695200	 2.138068
3.702790	 2.139772
3.702790	 2.141479
3.710620	 2.143183
3.710620	 2.144891
3.718880	 2.146594
3.718880	 2.148303
3.727100	 2.150007
3.727100	 2.151716
3.734420	 2.153422
3.734420	 2.155132
3.742230	 2.156839
3.742230	 2.158550
3.749950	 2.160258
3.749950	 2.161970
3.749950	 2.163685
3.758170	 2.165398
3.758170	 2.167115
3.766000	 2.168828
3.766000	 2.170545
3.773530	 2.172259
3.773530	 2.173976
3.781270	 2.175691
3.781270	 2.177409
3.788870	 2.179124
3.788870	 2.180843
3.796940	 2.182560
3.796940	 2.184280
3.804560	 2.185997
3.804560	 2.187718
3.812360	 2.189436
3.812360	 2.191158
3.820460	 2.192877
3.820460	 2.194599
3.828210	 2.196318
3.828210	 2.198041
3.828210	 2.199767
3.836610	 2.201489
3.836610	 2.203216
3.844370	 2.204938
3.844370	 2.206667
3.852250	 2.208389
3.852250	 2.210116
3.860440	 2.211839
3.860440	 2.213566
3.868340	 2.215290
3.868340	 2.217017
3.876440	 2.218742
3.876440	 2.220470
3.884560	 2.222194
3.884560	 2.223922
3.892110	 2.225646
3.892110	 2.227375
3.899690	 2.229100
3.899690	 2.230830
3.907080	 2.232556
3.907080	 2.234286
3.907080	 2.236020
3.914490	 2.237751
3.914490	 2.239486
3.921860	 2.241219
3.921860	 2.242955
3.929360	 2.244688
3.929360	 2.246425
3.936830	 2.248160
3.936830	 2.249899
3.944410	 2.251635
3.944410	 2.253375
3.952640	 2.255111
3.952640	 2.256851
3.959840	 2.258589
3.959840	 2.260330
3.967860	 2.262068
3.967860	 2.263810
3.975850	 2.265549
3.975850	 2.267291
3.983070	 2.269031
3.983070	 2.270775
3.983070	 2.272522
3.990290	 2.274267
3.990290	 2.276016
3.998000	 2.277761
3.998000	 2.279510
4.005780	 2.281257
4.005780	 2.283007
4.014160	 2.284754
4.014160	 2.286504
4.021450	 2.288252
4.021450	 2.290004
4.029470	 2.291752
4.029470	 2.293504
4.036990	 2.295254
4.036990	 2.297007
4.044400	 2.298757
4.044400	 2.300511
4.051740	 2.302262
4.051740	 2.304018
4.059690	 2.305770
4.059690	 2.307525
4.059690	 2.309282
4.066810	 2.311033
4.066810	 2.312786
4.074390	 2.314533
4.074390	 2.316281
4.082380	 2.318023
4.082380	 2.319767
4.090000	 2.321505
4.090000	 2.323244
4.097910	 2.324977
4.097910	 2.326711
4.105550	 2.328440
4.105550	 2.330170
4.113030	 2.331894
4.113030	 2.333620
4.120230	 2.335341
4.120230	 2.337064
4.127900	 2.338781
4.127900	 2.340499
4.135290	 2.342213
4.135290	 2.343927
4.135290	 2.345643
4.143300	 2.347353
4.143300	 2.349064
4.150650	 2.350770
4.150650	 2.352477
4.158070	 2.354180
4.158070	 2.355883
4.165770	 2.357581
4.165770	 2.359280
4.173430	 2.360975
4.173430	 2.362671
4.180770	 2.364362
4.180770	 2.366055
4.188000	 2.367743
4.188000	 2.369433
4.195940	 2.371116
4.195940	 2.372801
4.203390	 2.374481
4.203390	 2.376163
4.211530	 2.377838
4.211530	 2.379515
4.211530	 2.381194
4.219300	 2.382868
4.219300	 2.384542
4.227010	 2.386212
4.227010	 2.387884
4.234310	 2.389551
4.234310	 2.391219
4.241890	 2.392882
4.241890	 2.394546
4.249690	 2.396205
4.249690	 2.397865
4.257140	 2.399520
4.257140	 2.401177
4.264770	 2.402828
4.264770	 2.404481
4.272690	 2.406129
4.272690	 2.407777
4.280660	 2.409421
4.280660	 2.411066
4.289050	 2.412705
4.289050	 2.414346
4.289050	 2.415988
4.296560	 2.417625
4.296560	 2.419262
4.304100	 2.420896
4.304100	 2.422530
4.311890	 2.424159
4.311890	 2.425790
4.319530	 2.427415
4.319530	 2.429042
4.327090	 2.430664
4.327090	 2.432288
4.334820	 2.433906
4.334820	 2.435527
4.342470	 2.437142
4.342470	 2.438759
4.350210	 2.440371
4.350210	 2.441984
4.358050	 2.443593
4.358050	 2.445202
4.365560	 2.446807
4.365560	 2.448414
4.365560	 2.450022
4.373400	 2.451626
4.373400	 2.453231
4.380710	 2.454832
4.380710	 2.456434
4.388800	 2.458031
4.388800	 2.459629
4.396380	 2.461223
4.396380	 2.462818
4.404840	 2.464407
4.404840	 2.465998
4.412620	 2.467583
4.412620	 2.469170
4.420640	 2.470752
4.420640	 2.472334
4.428190	 2.473913
4.428190	 2.475492
4.436000	 2.477067
4.436000	 2.478643
4.443620	 2.480215
4.443620	 2.481787
4.443620	 2.483361
4.451010	 2.484930
4.451010	 2.486501
4.458940	 2.488068
4.458940	 2.489636
4.466380	 2.491200
4.466380	 2.492765
4.473940	 2.494325
4.473940	 2.495886
4.481420	 2.497443
4.481420	 2.499002
4.488820	 2.500556
4.488820	 2.502111
4.496400	 2.503662
4.496400	 2.505214
4.504420	 2.506761
4.504420	 2.508310
4.512290	 2.509853
4.512290	 2.511398
4.520130	 2.512938
4.520130	 2.514480
4.520130	 2.516023
4.527830	 2.517562
4.527830	 2.519102
4.535170	 2.520637
4.535170	 2.522174
4.543100	 2.523707
4.543100	 2.525241
4.551420	 2.526770
4.551420	 2.528301
4.559070	 2.529828
4.559070	 2.531356
4.567110	 2.532879
4.567110	 2.534403
4.575250	 2.535923
4.575250	 2.537443
4.583340	 2.538959
4.583340	 2.540476
4.591140	 2.541988
4.591140	 2.543502
4.599220	 2.545011
4.599220	 2.546521
4.599220	 2.548033
4.606620	 2.549541
4.606620	 2.551049
4.614610	 2.552554
4.614610	 2.554059
4.621960	 2.555561
4.621960	 2.557064
4.629680	 2.558562
4.629680	 2.560062
4.636850	 2.561557
4.636850	 2.563054
4.645250	 2.564546
4.645250	 2.566041
4.652970	 2.567535
4.652970	 2.569032
4.660170	 2.570526
4.660170	 2.572024
4.667700	 2.573520
4.667700	 2.575019
4.675050	 2.576516
4.675050	 2.578017
4.675050	 2.579521
4.683000	 2.581023
4.683000	 2.582529
4.690320	 2.584032
4.690320	 2.585539
4.697650	 2.587043
4.697650	 2.588552
4.705270	 2.590058
4.705270	 2.591568
4.713290	 2.593076
4.713290	 2.594587
4.721080	 2.596095
4.721080	 2.597607
4.728640	 2.599117
4.728640	 2.600630
4.736710	 2.602142
4.736710	 2.603657
4.744000	 2.605170
4.744000	 2.606687
4.752220	 2.608201
4.752220	 2.609719
4.752220	 2.611240
4.760650	 2.612758
4.760650	 2.614279
4.768740	 2.615798
4.768740	 2.617320
4.776380	 2.618841
4.776380	 2.620364
4.783800	 2.621886
4.783800	 2.623411
4.790990	 2.624935
4.790990	 2.626462
4.795770	 2.627988
4.800950	 2.629514
4.811520	 2.631037
4.821280	 2.632555
4.826420	 2.634073
4.835720	 2.635587
4.840290	 2.637102
4.849670	 2.638613
4.854330	 2.640125
4.864190	 2.641632
4.869460	 2.643139
4.878750	 2.644642
4.884170	 2.646145
4.893820	 2.647645
4.898760	 2.649144
4.908060	 2.650639
4.912990	 2.652134
4.917600	 2.653630
4.927600	 2.655122
4.932340	 2.656614
4.942070	 2.658102
4.946780	 2.659590
4.956490	 2.661075
4.961140	 2.662560
4.970380	 2.664041
4.975480	 2.665522
4.984890	 2.667000
4.989790	 2.668477
4.999470	 2.669951
5.004110	 2.671425
5.013730	 2.672895
5.018300	 2.674365
5.022990	 2.675835
5.032340	 2.677302
5.037430	 2.678768
5.047180	 2.680231
5.051750	 2.681694
5.061430	 2.683153
5.066340	 2.684612
5.076400	 2.686068
5.081660	 2.687523
5.091830	 2.688974
5.096880	 2.690425
5.106750	 2.691873
5.111530	 2.693320
5.121740	 2.694764
5.126540	 2.696207
5.136530	 2.697646
5.142000	 2.699085
5.146940	 2.700524
5.156530	 2.701959
5.161830	 2.703393
5.171660	 2.704824
5.176890	 2.706255
5.186310	 2.707683
5.190910	 2.709111
5.200960	 2.710535
5.205940	 2.711959
5.215480	 2.713379
5.220510	 2.714799
5.235090	 2.716213
5.239830	 2.717627
5.244550	 2.719040
5.249140	 2.720454
5.253980	 2.721867
5.258930	 2.723280
5.263640	 2.724694
5.268800	 2.726106
5.273710	 2.727520
5.278390	 2.728931
5.283520	 2.730343
5.288910	 2.731753
5.294150	 2.733164
5.299050	 2.734574
5.303670	 2.735985
5.308410	 2.737396
5.312970	 2.738807
5.317530	 2.740219
5.322970	 2.741630
5.327800	 2.743041
5.327800	 2.744456
5.332530	 2.745870
5.337100	 2.747285
5.341680	 2.748700
5.346300	 2.750115
5.351310	 2.751531
5.355880	 2.752947
5.360660	 2.754363
5.365390	 2.755778
5.370140	 2.757194
5.374880	 2.758611
5.379770	 2.760027
5.384490	 2.761444
5.389430	 2.762861
5.394470	 2.764277
5.399490	 2.765694
5.404700	 2.767111
5.409380	 2.768528
5.414520	 2.769944
5.419460	 2.771360
5.424080	 2.772777
5.429220	 2.774193
5.433950	 2.775609
5.438560	 2.777025
5.443480	 2.778441
5.448410	 2.779857
5.453250	 2.781274
5.458100	 2.782690
5.462710	 2.784106
5.467890	 2.785523
5.472710	 2.786939
5.477990	 2.788357
5.482990	 2.789775
5.487930	 2.791193
5.492530	 2.792611
5.497530	 2.794030
5.502190	 2.795448
5.507340	 2.796867
5.512070	 2.798286
5.516910	 2.799705
5.521970	 2.801124
5.527160	 2.802542
5.532350	 2.803961
5.537000	 2.805379
5.541750	 2.806797
5.546360	 2.808216
5.551310	 2.809634
5.555890	 2.811053
5.560600	 2.812471
5.565210	 2.813889
5.570240	 2.815307
5.575310	 2.816724
5.580300	 2.818142
5.585780	 2.819559
5.590630	 2.820976
5.595350	 2.822393
5.600090	 2.823811
5.604930	 2.825228
5.609880	 2.826645
5.615050	 2.828062
5.619800	 2.829478
5.624810	 2.830895
5.629540	 2.832311
5.634190	 2.833728
5.638850	 2.835144
5.643500	 2.836561
5.648520	 2.837978
5.653640	 2.839395
5.658320	 2.840812
5.662870	 2.842229
5.667830	 2.843646
5.667830	 2.845067
5.675120	 2.846486
5.675120	 2.847908
5.683010	 2.849328
5.683010	 2.850751
5.690270	 2.852173
5.690270	 2.853599
5.697650	 2.855023
5.697650	 2.856450
5.705570	 2.857875
5.705570	 2.859304
5.714240	 2.860729
5.714240	 2.862158
5.722530	 2.863585
5.722530	 2.865015
5.730490	 2.866443
5.730490	 2.867874
5.738400	 2.869303
5.738400	 2.870735
5.745720	 2.872166
5.745720	 2.873600
5.752800	 2.875032
5.752800	 2.876468
5.760680	 2.877902
5.760680	 2.879339
5.768720	 2.880774
5.768720	 2.882213
5.776680	 2.883648
5.776680	 2.885087
5.783960	 2.886525
5.783960	 2.887965
5.783960	 2.889408
5.791490	 2.890850
5.791490	 2.892295
5.798710	 2.893738
5.798710	 2.895185
5.806210	 2.896630
5.806210	 2.898078
5.814510	 2.899524
5.814510	 2.900974
5.822010	 2.902418
5.822010	 2.900540
5.829670	 2.898664
5.829670	 2.896791
5.838120	 2.894920
5.838120	 2.893052
5.845530	 2.891186
5.845530	 2.889322
5.853270	 2.887461
5.853270	 2.885602
5.853270	 2.883746
5.860980	 2.881892
5.860980	 2.880041
5.868480	 2.878192
5.868480	 2.876345
5.875620	 2.874500
5.875620	 2.872658
5.883430	 2.870819
5.883430	 2.868981
5.891310	 2.867146
5.891310	 2.865314
5.899440	 2.863483
5.899440	 2.861655
5.907040	 2.859830
5.907040	 2.858007
5.914550	 2.856185
5.914550	 2.854367
5.921800	 2.852550
5.921800	 2.850736
5.929400	 2.848925
5.929400	 2.847115
5.929400	 2.845309
5.937060	 2.843504
5.937060	 2.841701
5.944380	 2.839901
5.944380	 2.838103
5.952360	 2.836307
5.952360	 2.834514
5.959830	 2.832723
5.959830	 2.830934
5.967200	 2.829147
5.967200	 2.827363
5.975200	 2.825581
5.975200	 2.823801
5.982910	 2.822023
5.982910	 2.820248
5.990360	 2.818475
5.990360	 2.816704
5.998340	 2.814935
5.998340	 2.813169
6.005890	 2.811404
6.005890	 2.809642
6.005890	 2.807883
6.013450	 2.806125
6.013450	 2.804370
6.021300	 2.802617
6.021300	 2.800866
6.028840	 2.799117
6.028840	 2.797370
6.036740	 2.795626
6.036740	 2.793883
6.044640	 2.792143
6.044640	 2.790405
6.052590	 2.788669
6.052590	 2.786936
6.059960	 2.785204
6.059960	 2.783475
6.067870	 2.781748
6.067870	 2.780023
6.067870	 2.778300
6.075600	 2.776579
6.075600	 2.774861
6.082820	 2.773144
6.082820	 2.771430
6.090540	 2.769718
6.090540	 2.768008
6.098150	 2.766299
6.098150	 2.764594
6.106240	 2.762890
6.106240	 2.761188
6.113710	 2.759488
6.113710	 2.757791
6.121490	 2.756095
6.121490	 2.754402
6.129270	 2.752711
6.129270	 2.751022
6.136610	 2.749335
6.136610	 2.747650
6.136610	 2.745967
6.144450	 2.744286
6.144450	 2.742607
6.152540	 2.740930
6.152540	 2.739256
6.160100	 2.737583
6.160100	 2.735912
6.167880	 2.734244
6.167880	 2.732577
6.175830	 2.730912
6.175830	 2.729250
6.183260	 2.727589
6.183260	 2.725931
6.191100	 2.724275
6.191100	 2.722620
6.198440	 2.720968
6.198440	 2.719317
6.198440	 2.717669
6.206280	 2.716023
6.206280	 2.714378
6.213490	 2.712736
6.213490	 2.711096
6.221190	 2.709457
6.221190	 2.707821
6.228290	 2.706186
6.228290	 2.704554
6.236130	 2.702923
6.236130	 2.701294
6.244280	 2.699668
6.244280	 2.698043
6.252010	 2.696420
6.252010	 2.694800
6.259200	 2.693181
6.259200	 2.691564
6.266780	 2.689949
6.266780	 2.688336
6.266780	 2.686725
6.274340	 2.685116
6.274340	 2.683509
6.282420	 2.681904
6.282420	 2.680300
6.290440	 2.678699
6.290440	 2.677100
6.297850	 2.675502
6.297850	 2.673906
6.305470	 2.672312
6.305470	 2.670721
6.313070	 2.669130
6.313070	 2.667542
6.320820	 2.665956
6.320820	 2.664372
6.328390	 2.662789
6.328390	 2.661209
6.328390	 2.659631
6.335900	 2.658054
6.335900	 2.656479
6.344010	 2.654906
6.344010	 2.653335
6.352030	 2.651765
6.352030	 2.650198
6.359810	 2.648632
6.359810	 2.647068
6.375800	 2.645506
6.375800	 2.643946
6.380590	 2.642388
6.380590	 2.640832
6.391740	 2.639277
6.391740	 2.637724
6.402210	 2.636173
6.402210	 2.634624
6.402210	 2.633077
6.404470	 2.631532
6.404470	 2.629988
6.406560	 2.628446
6.406560	 2.626906
6.413940	 2.625368
6.413940	 2.623832
6.421670	 2.622297
6.421670	 2.620764
6.429650	 2.619233
6.429650	 2.617704
6.437650	 2.616177
6.437650	 2.614651
6.445530	 2.613127
6.445530	 2.611605
6.452680	 2.610085
6.452680	 2.608566
6.452680	 2.607050
6.459940	 2.605535
6.459940	 2.604021
6.467740	 2.602510
6.467740	 2.601000
6.475810	 2.599492
6.475810	 2.597986
6.483680	 2.596481
6.483680	 2.594979
6.491160	 2.593477
6.491160	 2.591978
6.498820	 2.590481
6.498820	 2.588985
6.506460	 2.587491
6.506460	 2.585998
6.514170	 2.584508
6.514170	 2.583019
6.522250	 2.581532
6.522250	 2.580046
6.522250	 2.578563
6.530230	 2.577081
6.530230	 2.575600
6.538400	 2.574122
6.538400	 2.572645
6.546650	 2.571169
6.546650	 2.569696
6.554080	 2.568224
6.554080	 2.566754
6.562170	 2.565285
6.562170	 2.563818
6.569670	 2.562353
6.569670	 2.560890
6.577170	 2.559428
6.577170	 2.557968
6.584790	 2.556509
6.584790	 2.555052
6.592530	 2.553597
6.592530	 2.552144
6.592530	 2.550692
6.600440	 2.549242
6.600440	 2.547794
6.608210	 2.546347
6.608210	 2.544901
6.616000	 2.543458
6.616000	 2.542016
6.623390	 2.540575
6.623390	 2.539137
6.630980	 2.537700
6.630980	 2.536264
6.638480	 2.534830
6.638480	 2.533398
6.646140	 2.531968
6.646140	 2.530539
6.653840	 2.529111
6.653840	 2.527686
6.661410	 2.526261
6.661410	 2.524839
6.661410	 2.523419
6.668990	 2.521999
6.668990	 2.520582
6.676970	 2.519165
6.676970	 2.517751
6.684340	 2.516338
6.684340	 2.514927
6.691810	 2.513517
6.691810	 2.512109
6.699820	 2.510702
6.699820	 2.509297
6.707850	 2.507893
6.707850	 2.506492
6.715400	 2.505091
6.715400	 2.503692
6.723100	 2.502295
6.723100	 2.500900
6.730290	 2.499505
6.730290	 2.498113
6.730290	 2.496722
6.738070	 2.495333
6.738070	 2.493945
6.745610	 2.492559
6.745610	 2.491174
6.753910	 2.489791
6.753910	 2.488409
6.761890	 2.487029
6.761890	 2.485650
6.769570	 2.484273
6.769570	 2.482898
6.778380	 2.481523
6.778380	 2.480151
6.786230	 2.478780
6.786230	 2.477410
6.793580	 2.476042
6.793580	 2.474676
6.801430	 2.473311
6.801430	 2.471947
6.808850	 2.470585
6.808850	 2.469225
6.808850	 2.467867
6.816180	 2.466509
6.816180	 2.465153
6.823740	 2.463798
6.823740	 2.462446
6.831310	 2.461094
6.831310	 2.459744
6.838540	 2.458395
6.838540	 2.457048
6.845860	 2.455703
6.845860	 2.454359
6.853220	 2.453016
6.853220	 2.451675
6.861400	 2.450335
6.861400	 2.448997
6.868950	 2.447660
6.868950	 2.446325
6.876490	 2.444991
6.876490	 2.443659
6.876490	 2.442328
6.883780	 2.440999
6.883780	 2.439671
6.891420	 2.438344
6.891420	 2.437019
6.899570	 2.435695
6.899570	 2.434373
6.906950	 2.433052
6.906950	 2.431733
6.915440	 2.430415
6.915440	 2.429098
6.922610	 2.427783
6.922610	 2.426469
6.930120	 2.425157
6.930120	 2.423846
6.937840	 2.422537
6.937840	 2.421229
6.945880	 2.419922
6.945880	 2.418617
6.953800	 2.417313
6.953800	 2.416011
6.953800	 2.414710
6.961550	 2.413411
6.961550	 2.412112
6.968820	 2.410816
6.968820	 2.409520
6.976540	 2.408226
6.976540	 2.406934
6.985270	 2.405642
6.985270	 2.404353
6.992310	 2.403064
6.992310	 2.401777
6.999550	 2.400491
6.999550	 2.399207
7.007120	 2.397924
7.007120	 2.396643
7.014940	 2.395362
7.014940	 2.394084
7.023030	 2.392806
7.023030	 2.391530
7.023030	 2.390256
7.031120	 2.388982
7.031120	 2.387711
7.038790	 2.386440
7.038790	 2.385171
7.046370	 2.383903
7.046370	 2.382636
7.053540	 2.381371
7.053540	 2.380107
7.060760	 2.378844
7.060760	 2.377583
7.068950	 2.376323
7.068950	 2.375065
7.076770	 2.373807
7.076770	 2.372552
7.084510	 2.371297
7.084510	 2.370044
7.092490	 2.368792
7.092490	 2.367541
7.100590	 2.366292
7.100590	 2.365044
7.100590	 2.363798
7.108380	 2.362553
7.108380	 2.361309
7.116220	 2.360066
7.116220	 2.358825
7.124580	 2.357584
7.124580	 2.356346
7.132480	 2.355108
7.132480	 2.353872
7.140330	 2.352637
7.140330	 2.351404
7.148340	 2.350171
7.148340	 2.348941
7.155520	 2.347711
7.155520	 2.346482
7.163160	 2.345255
7.163160	 2.344030
7.170480	 2.342805
7.170480	 2.341582
7.178390	 2.340360
7.178390	 2.339139
7.178390	 2.337920
7.186410	 2.336702
7.186410	 2.335485
7.194800	 2.334269
7.194800	 2.333055
7.202520	 2.331842
7.202520	 2.330630
7.209920	 2.329419
7.209920	 2.328210
7.217890	 2.327002
7.217890	 2.325795
7.225850	 2.324590
7.225850	 2.323385
7.233330	 2.322182
7.233330	 2.320981
7.241260	 2.319780
7.241260	 2.318581
7.248580	 2.317383
7.248580	 2.316186
7.256030	 2.314990
7.256030	 2.313796
7.263670	 2.312603
7.263670	 2.311411
7.263670	 2.310221
7.271970	 2.309031
7.271970	 2.307843
7.280180	 2.306656
7.280180	 2.305470
7.287900	 2.304286
7.287900	 2.303102
7.295840	 2.301920
7.295840	 2.300739
7.303360	 2.299559
7.303360	 2.298381
7.310930	 2.297204
7.310930	 2.296028
7.318690	 2.294853
7.318690	 2.293679
7.326630	 2.292507
7.326630	 2.291336
7.333780	 2.290165
7.333780	 2.288997
7.342210	 2.287829
7.342210	 2.286663
7.349960	 2.285497
7.349960	 2.284333
7.349960	 2.283171
7.357550	 2.282009
7.357550	 2.280848
7.365260	 2.279689
7.365260	 2.278531
7.372990	 2.277374
7.372990	 2.276218
7.380620	 2.275063
7.380620	 2.273910
7.388330	 2.272757
7.388330	 2.271606
7.396160	 2.270456
7.396160	 2.269308
7.404130	 2.268160
7.404130	 2.267013
7.411470	 2.265868
7.411470	 2.264724
7.419030	 2.263581
7.419030	 2.262439
7.426870	 2.261298
7.426870	 2.260159
7.434250	 2.259020
7.434250	 2.257883
7.441460	 2.256747
7.441460	 2.255612
7.449270	 2.254478
7.449270	 2.253346
7.449270	 2.252214
7.456940	 2.251084
7.456940	 2.249955
7.464710	 2.248827
7.464710	 2.247700
7.472700	 2.246574
7.472700	 2.245449
7.480820	 2.244325
7.480820	 2.243203
7.488390	 2.242081
7.488390	 2.240961
7.496280	 2.239842
7.496280	 2.238724
7.504280	 2.237607
7.504280	 2.236492
7.511880	 2.235377
7.511880	 2.234263
7.519440	 2.233151
7.519440	 2.232040
7.527930	 2.230929
7.527930	 2.229820
7.535860	 2.228712
7.535860	 2.227605
7.543600	 2.226499
7.543600	 2.225395
7.551570	 2.224291
7.551570	 2.223189
7.551570	 2.222087
7.559080	 2.220987
7.559080	 2.219888
7.566670	 2.218790
7.566670	 2.217693
7.574720	 2.216597
7.574720	 2.215502
7.582790	 2.214408
7.582790	 2.213315
7.589900	 2.212223
7.589900	 2.211133
7.597320	 2.210043
7.597320	 2.208955
7.605320	 2.207868
7.605320	 2.206781
7.613580	 2.205696
7.613580	 2.204612
7.621240	 2.203529
7.621240	 2.202447
7.628660	 2.201366
7.628660	 2.200286
7.636280	 2.199207
7.636280	 2.198130
7.644030	 2.197053
7.644030	 2.195977
7.651430	 2.194902
7.651430	 2.193829
7.651430	 2.192757
7.658650	 2.191685
7.658650	 2.190615
7.666430	 2.189545
7.666430	 2.188477
7.674480	 2.187410
7.674480	 2.186344
7.682010	 2.185278
7.682010	 2.184214
7.689910	 2.183151
7.689910	 2.182089
7.697880	 2.181028
7.697880	 2.179968
7.705950	 2.178909
7.705950	 2.177851
7.713860	 2.176794
7.713860	 2.175738
7.721340	 2.174683
7.721340	 2.173630
7.728800	 2.172577
7.728800	 2.171525
7.736940	 2.170474
7.736940	 2.169425
7.744260	 2.168376
7.744260	 2.167328
7.752630	 2.166281
7.752630	 2.165236
7.760200	 2.164191
7.760200	 2.163147
7.768120	 2.162104
7.768120	 2.161063
7.768120	 2.160023
7.775460	 2.158983
7.775460	 2.157944
7.782760	 2.156906
7.782760	 2.155870
7.790600	 2.154834
7.790600	 2.153800
7.798630	 2.152766
7.798630	 2.151733
7.805850	 2.150701
7.805850	 2.149671
7.813500	 2.148641
7.813500	 2.147612
7.821080	 2.146584
7.821080	 2.145558
7.829590	 2.144532
7.829590	 2.143507
7.837330	 2.142483
7.837330	 2.141461
7.844950	 2.140439
7.844950	 2.139418
7.853090	 2.138398
7.853090	 2.137379
7.860520	 2.136361
7.860520	 2.135344
7.868270	 2.134328
7.868270	 2.133313
7.876610	 2.132299
7.876610	 2.131286
7.883930	 2.130273
7.883930	 2.129262
7.883930	 2.128252
7.891190	 2.127243
7.891190	 2.126235
7.898600	 2.125227
7.898600	 2.124221
7.906150	 2.123216
7.906150	 2.122211
7.913790	 2.121207
7.913790	 2.120205
7.921420	 2.119203
7.921420	 2.118203
7.928670	 2.117203
7.928670	 2.116204
7.938490	 2.115206
7.938490	 2.114209
7.943320	 2.113213
7.943320	 2.112218
7.951330	 2.111224
7.951330	 2.110231
7.959500	 2.109239
7.959500	 2.108247
7.966920	 2.107257
7.966920	 2.106268
7.974630	 2.105279
7.974630	 2.104291
7.981970	 2.103305
7.981970	 2.102319
7.989960	 2.101334
7.989960	 2.100350
7.997750	 2.099367
7.997750	 2.098385
8.005140	 2.097404
8.005140	 2.096424
8.012410	 2.095445
8.012410	 2.094466
8.020320	 2.093489
8.020320	 2.092512
8.020320	 2.091537
8.027800	 2.090562
8.027800	 2.089589
8.035460	 2.088615
8.035460	 2.087644
8.043160	 2.086672
8.043160	 2.085702
8.050660	 2.084733
8.050660	 2.083765
8.058330	 2.082797
8.058330	 2.081831
8.066220	 2.080865
8.066220	 2.079900
8.073760	 2.078936
8.073760	 2.077973
8.081390	 2.077011
8.081390	 2.076050
8.089530	 2.075089
8.089530	 2.074130
8.097190	 2.073171
8.097190	 2.072214
8.105120	 2.071257
8.105120	 2.070301
8.112670	 2.069346
8.112670	 2.068392
8.121080	 2.067439
8.121080	 2.066487
8.129290	 2.065535
8.129290	 2.064584
8.136790	 2.063635
8.136790	 2.062686
8.144250	 2.061738
8.144250	 2.060791
8.152230	 2.059844
8.152230	 2.058899
8.160080	 2.057954
8.160080	 2.057011
8.160080	 2.056068
8.168310	 2.055126
8.168310	 2.054186
8.175930	 2.053245
8.175930	 2.052306
8.183290	 2.051367
8.183290	 2.050430
8.190920	 2.049493
8.190920	 2.048557
8.199230	 2.047622
8.199230	 2.046688
8.206660	 2.045755
8.206660	 2.044822
8.214740	 2.043891
8.214740	 2.042960
8.222790	 2.042030
8.222790	 2.041101
8.230270	 2.040173
8.230270	 2.039245
8.237960	 2.038319
8.237960	 2.037393
8.245660	 2.036468
8.245660	 2.035544
8.253330	 2.034621
8.253330	 2.033699
8.261240	 2.032777
8.261240	 2.031857
8.269160	 2.030937
8.269160	 2.030018
8.277080	 2.029099
8.277080	 2.028182
8.284900	 2.027266
8.284900	 2.026350
8.292990	 2.025435
8.292990	 2.024521
8.300360	 2.023608
8.300360	 2.022696
8.308320	 2.021784
8.308320	 2.020873
8.316120	 2.019963
8.316120	 2.019054
8.324050	 2.018146
8.324050	 2.017239
8.331740	 2.016332
8.331740	 2.015426
8.339530	 2.014521
8.339530	 2.013617
8.346960	 2.012714
8.346960	 2.011811
8.355020	 2.010909
8.355020	 2.010008
8.362920	 2.009108
8.362920	 2.008209
8.370720	 2.007310
8.370720	 2.006413
8.378520	 2.005516
8.378520	 2.004620
8.378520	 2.003725
8.386000	 2.002830
8.386000	 2.001936
8.390890	 2.001043
8.395490	 2.000151
8.400170	 1.999260
8.409790	 1.998369
8.419520	 1.997479
8.424190	 1.996590
8.433430	 1.995702
8.438100	 1.994815
8.447420	 1.993928
8.452000	 1.993042
8.462460	 1.992157
8.467750	 1.991273
8.477110	 1.990389
8.482210	 1.989506
8.491510	 1.988624
8.496400	 1.987743
8.506270	 1.986863
8.510890	 1.985983
8.515650	 1.985104
8.525400	 1.984226
8.530540	 1.983349
8.540920	 1.982473
8.545830	 1.981597
8.556210	 1.980722
8.561120	 1.979848
8.570460	 1.978974
8.575340	 1.978102
8.585000	 1.977230
8.590320	 1.976359
8.600320	 1.975488
8.604980	 1.974619
8.615610	 1.973750
8.621040	 1.972882
8.625920	 1.972015
8.635170	 1.971148
8.639820	 1.970283
8.649220	 1.969418
8.654260	 1.968553
8.663960	 1.967690
8.669250	 1.966827
8.679040	 1.965965
8.683720	 1.965104
8.693570	 1.964244
8.698270	 1.963384
8.707540	 1.962525
8.712460	 1.961667
8.722130	 1.960810
8.727070	 1.959953
8.731770	 1.959097
8.741570	 1.958242
8.746280	 1.957387
8.756790	 1.956534
8.761940	 1.955681
8.771550	 1.954829
8.776580	 1.953977
8.786510	 1.953126
8.791500	 1.952277
8.801810	 1.951427
8.806950	 1.950579
8.817430	 1.949731
8.822020	 1.948884
8.832130	 1.948038
8.836760	 1.947192
8.841420	 1.946347
8.855940	 1.945503
8.860550	 1.944660
8.865120	 1.943817
8.869860	 1.942976
8.874870	 1.942134
8.879930	 1.941294
8.884920	 1.940454
8.889580	 1.939615
8.894180	 1.938777
8.898840	 1.937940
8.903510	 1.937103
8.908720	 1.936267
8.914050	 1.935432
8.919300	 1.934597
8.924580	 1.933763
8.929280	 1.932930
8.933890	 1.932097
8.938860	 1.931266
8.943780	 1.930435
8.948510	 1.929604
8.953310	 1.928775
8.958220	 1.927946
8.962980	 1.927118
8.968110	 1.926290
8.972730	 1.925464
8.977630	 1.924638
8.982510	 1.923812
8.987120	 1.922988
8.991680	 1.922164
8.996680	 1.921341
9.001790	 1.920518
9.006960	 1.919696
9.011570	 1.918875
9.016600	 1.918055
9.021460	 1.917235
9.026440	 1.916416
9.031880	 1.915598
9.036600	 1.914780
9.041620	 1.913963
9.046880	 1.913147
9.051590	 1.912332
9.056960	 1.911517
9.061950	 1.910703
9.066620	 1.909889
9.071220	 1.909077
9.075930	 1.908265
9.080540	 1.907453
9.085330	 1.906643
9.090090	 1.905833
9.094770	 1.905024
9.099900	 1.904215
9.104660	 1.903407
9.109450	 1.902600
9.114340	 1.901793
9.119130	 1.900988
9.124240	 1.900182
9.128930	 1.899378
9.134120	 1.898574
9.139030	 1.897771
9.143640	 1.896969
9.148340	 1.896167
9.152930	 1.895366
9.157680	 1.894566
9.162370	 1.893766
9.162370	 1.892967
9.170520	 1.892169
9.170520	 1.891371
9.178070	 1.890574
9.178070	 1.889778
9.186040	 1.888982
9.186040	 1.888188
9.193210	 1.887393
9.193210	 1.886600
9.200520	 1.885807
9.200520	 1.885015
9.208230	 1.884223
9.208230	 1.883432
9.215340	 1.882642
9.215340	 1.881853
9.223370	 1.881064
9.223370	 1.880275
9.231060	 1.879488
9.231060	 1.878701
9.238780	 1.877915
9.238780	 1.877129
9.246590	 1.876344
9.246590	 1.875560
9.254190	 1.874776
9.254190	 1.873993
9.261500	 1.873211
9.261500	 1.872429
9.269230	 1.871648
9.269230	 1.870868
9.277190	 1.870088
9.277190	 1.869309
9.285090	 1.868531
9.285090	 1.867753
9.285090	 1.866976
9.292580	 1.866200
9.292580	 1.865424
9.300590	 1.864649
9.300590	 1.863874
9.308210	 1.863100
9.308210	 1.862327
9.315950	 1.861555
9.315950	 1.860783
9.323320	 1.860011
9.323320	 1.859241
9.330800	 1.858471
9.330800	 1.857701
9.338870	 1.856932
9.338870	 1.856164
9.347060	 1.855397
9.347060	 1.854630
9.355020	 1.853864
9.355020	 1.853098
9.363320	 1.852333
9.363320	 1.851569
9.363320	 1.850806
9.370750	 1.850043
9.370750	 1.849280
9.378630	 1.848518
9.378630	 1.847757
9.386820	 1.846997
9.386820	 1.846237
9.394130	 1.845477
9.394130	 1.844719
9.401370	 1.843961
9.401370	 1.843204
9.409190	 1.842447
9.409190	 1.841691
9.416440	 1.840935
9.416440	 1.840180
9.424120	 1.839426
9.424120	 1.838672
9.432040	 1.837919
9.432040	 1.837167
9.440010	 1.836415
9.440010	 1.835664
9.447540	 1.834913
9.447540	 1.834163
9.455400	 1.833414
9.455400	 1.832665
9.463260	 1.831917
9.463260	 1.831169
9.471250	 1.830422
9.471250	 1.829676
9.478550	 1.828930
9.478550	 1.828185
9.486290	 1.827441
9.486290	 1.826697
9.493950	 1.825953
9.493950	 1.825211
9.502000	 1.824469
9.502000	 1.823727
9.502000	 1.822987
9.509750	 1.822246
9.509750	 1.821507
9.517030	 1.820768
9.517030	 1.820029
9.524570	 1.819291
9.524570	 1.818554
9.532930	 1.817818
9.532930	 1.817082
9.540820	 1.816346
9.540820	 1.815611
9.548490	 1.814877
9.548490	 1.814143
9.555880	 1.813410
9.555880	 1.812678
9.563400	 1.811946
9.563400	 1.811215
9.571290	 1.810484
9.571290	 1.809754
9.578980	 1.809024
9.578980	 1.808295
9.586540	 1.807567
9.586540	 1.806839
9.593780	 1.806112
9.593780	 1.805385
9.601200	 1.804659
9.601200	 1.803934
9.608920	 1.803209
9.608920	 1.802485
9.617230	 1.801761
9.617230	 1.801038
9.617230	 1.800316
9.625280	 1.799594
9.625280	 1.798873
9.633010	 1.798152
9.633010	 1.797432
9.640750	 1.796712
9.640750	 1.795993
9.648320	 1.795274
9.648320	 1.794557
9.656160	 1.793839
9.656160	 1.793123
9.663640	 1.792406
9.663640	 1.791691
9.671480	 1.790976
9.671480	 1.790261
9.678970	 1.789547
9.678970	 1.788834
9.686190	 1.788121
9.686190	 1.787409
9.694480	 1.786697
9.694480	 1.785987
9.702170	 1.785276
9.702170	 1.784566
9.709450	 1.783857
9.709450	 1.783148
9.709450	 1.782440
9.716520	 1.781732
9.716520	 1.781025
9.724280	 1.780319
9.724280	 1.779613
9.731950	 1.778907
9.731950	 1.778203
9.739600	 1.777498
9.739600	 1.776795
9.747290	 1.776091
9.747290	 1.775389
9.754480	 1.774687
9.754480	 1.773985
9.762160	 1.773284
9.762160	 1.772584
9.769850	 1.771884
9.769850	 1.771185
9.777870	 1.770486
9.777870	 1.769788
9.785940	 1.769090
9.785940	 1.768393
9.793380	 1.767697
9.793380	 1.767001
9.801230	 1.766305
9.801230	 1.765610
9.808520	 1.764916
9.808520	 1.764222
9.808520	 1.763529
9.816560	 1.762837
9.816560	 1.762145
9.823980	 1.761453
9.823980	 1.760762
9.831250	 1.760071
9.831250	 1.759381
9.838650	 1.758692
9.838650	 1.758003
9.846410	 1.757315
9.846410	 1.756627
9.854190	 1.755940
9.854190	 1.755253
9.861470	 1.754567
9.861470	 1.753881
9.869050	 1.753196
9.869050	 1.752511
9.876550	 1.751827
9.876550	 1.751144
9.884350	 1.750461
9.884350	 1.749778
9.892310	 1.749096
9.892310	 1.748415
9.900010	 1.747734
9.900010	 1.747054
9.907730	 1.746374
9.907730	 1.745695
9.915160	 1.745016
9.915160	 1.744338
9.922370	 1.743660
9.922370	 1.742983
9.922370	 1.742307
9.929940	 1.741631
9.929940	 1.740955
9.938040	 1.740280
9.938040	 1.739605
9.945830	 1.738931
9.945830	 1.738258
9.953440	 1.737585
9.953440	 1.736913
9.960870	 1.736241
9.960870	 1.735569
9.968610	 1.734898
9.968610	 1.734228
9.975970	 1.733558
9.975970	 1.732889
9.983290	 1.732220
9.983290	 1.731552
9.990750	 1.730884
9.990750	 1.730217
9.998320	 1.729550
9.998320	 1.728884
10.006600	 1.728218
10.011700	 1.727553
10.011700	 1.726888
10.011700	 1.726224
10.019400	 1.725560
10.019400	 1.724897
10.026700	 1.724235
10.026700	 1.723573
10.034200	 1.722911
10.034200	 1.722250
10.042300	 1.721589
10.042300	 1.720929
10.042300	 1.720270
10.050100	 1.719611
10.050100	 1.718952
10.057500	 1.718294
10.057500	 1.717637
10.065800	 1.716979
10.065800	 1.716323
10.073300	 1.715667
10.073300	 1.715011
10.081500	 1.714356
10.081500	 1.713702
10.089100	 1.713048
10.089100	 1.712394
10.096200	 1.711741
10.096200	 1.711088
10.103800	 1.710436
10.103800	 1.709785
10.111500	 1.709134
10.111500	 1.708483
10.119900	 1.707833
10.119900	 1.707184
10.127600	 1.706534
10.127600	 1.705886
10.135900	 1.705238
10.135900	 1.704590
10.143400	 1.703943
10.143400	 1.703297
10.150800	 1.702650
10.150800	 1.702005
10.158400	 1.701360
10.158400	 1.700715
10.166200	 1.700071
10.166200	 1.699427
10.166200	 1.698784
10.174200	 1.698142
10.174200	 1.697499
10.182300	 1.696858
10.182300	 1.696217
10.190800	 1.695576
10.190800	 1.694936
10.198000	 1.694296
10.198000	 1.693657
10.205800	 1.693018
10.205800	 1.692379
10.213800	 1.691741
10.213800	 1.691104
10.222000	 1.690467
10.222000	 1.689831
10.229200	 1.689195
10.229200	 1.688560
10.236600	 1.687925
10.236600	 1.687290
10.244000	 1.686656
10.244000	 1.686023
10.252700	 1.685389
10.252700	 1.684757
10.259900	 1.684125
10.259900	 1.683493
10.267300	 1.682862
10.267300	 1.682231
10.274400	 1.681601
10.274400	 1.680971
10.282300	 1.680342
10.282300	 1.679713
10.290100	 1.679085
10.290100	 1.678457
10.297900	 1.677830
10.297900	 1.677203
10.297900	 1.676577
10.305500	 1.675951
10.305500	 1.675325
10.313900	 1.674700
10.313900	 1.674075
10.321600	 1.673451
10.321600	 1.672828
10.329000	 1.672204
10.329000	 1.671582
10.338900	 1.670959
10.338900	 1.670338
10.347000	 1.669716
10.347000	 1.669096
10.354800	 1.668475
10.354800	 1.667855
10.363400	 1.667236
10.363400	 1.666617
10.371100	 1.665998
10.371100	 1.665380
10.378900	 1.664762
10.378900	 1.664145
10.386800	 1.663529
10.386800	 1.662912
10.394900	 1.662297
10.394900	 1.661681
10.402100	 1.661066
10.402100	 1.660452
10.410300	 1.659838
10.410300	 1.659225
10.417800	 1.658611
10.417800	 1.657999
10.425400	 1.657387
10.425400	 1.656775
10.433100	 1.656164
10.433100	 1.655553
10.440800	 1.654942
10.440800	 1.654333
10.448400	 1.653723
10.448400	 1.653114
10.456000	 1.652505
10.456000	 1.651897
10.463300	 1.651290
10.463300	 1.650683
10.470600	 1.650076
10.470600	 1.649469
10.470600	 1.648864
10.478000	 1.648258
10.478000	 1.647653
10.485000	 1.647049
10.485000	 1.646445
10.492500	 1.645841
10.492500	 1.645238
10.500400	 1.644635
10.500400	 1.644033
10.508600	 1.643431
10.508600	 1.642829
10.516200	 1.642228
10.516200	 1.641628
10.523700	 1.641028
10.523700	 1.640428
10.531500	 1.639829
10.531500	 1.639230
10.538900	 1.638632
10.538900	 1.638034
10.546700	 1.637436
10.546700	 1.636839
10.554000	 1.636243
10.554000	 1.635647
10.561400	 1.635051
10.561400	 1.634456
10.569000	 1.633861
10.569000	 1.633266
10.576900	 1.632672
10.576900	 1.632079
10.584000	 1.631485
10.584000	 1.630893
10.592100	 1.630300
10.592100	 1.629709
10.599600	 1.629117
10.599600	 1.628526
10.607300	 1.627935
10.623500	 1.627345
10.631100	 1.626755
10.638700	 1.626166
10.646200	 1.625577
10.654000	 1.624988
10.661700	 1.624400
10.670000	 1.623812
10.677500	 1.623224
10.685500	 1.622638
10.693400	 1.622051
10.701500	 1.621465
10.709100	 1.620879
10.716800	 1.620294
10.724600	 1.619709
10.732300	 1.619125
10.739800	 1.618541
10.747400	 1.617957
10.755100	 1.617374
10.763000	 1.616791
10.770800	 1.616209
10.778400	 1.615627
10.786000	 1.615046
10.794300	 1.614465
10.801600	 1.613884
10.809500	 1.613304
10.817200	 1.612724
10.825700	 1.612145
10.833300	 1.611566
10.841000	 1.610987
10.848600	 1.610409
10.855700	 1.609831
10.863500	 1.609254
10.870900	 1.608677
10.878300	 1.608101
10.886200	 1.607524
10.893600	 1.606949
10.901400	 1.606374
10.909700	 1.605799
10.917300	 1.605224
10.925800	 1.604650
10.933300	 1.604077
10.940900	 1.603504
10.948600	 1.602931
10.951100	 1.602358
